CHN_Amur_River_10500BP,0.013659,-0.435662,0.069013,-0.047481,-0.038776,-0.042112,-0.000235,0.005769,0.003068,0.020228,-0.055374,-0.009142,-0.004757,0,-0.015336,-0.004773,0.002477,-0.000127,0.009427,0.01113,0.018343,-0.02065,-0.026005,0.004579,-0.022273
Yamnaya_UKR:I2105,0.119514,0.088351,0.044123,0.110144,-0.032006,0.038487,0.00799,0.002308,-0.05788,-0.076721,-0.002761,-0.002398,0.000743,-0.021056,0.033387,0.01485,0.004955,-0.008235,-0.002263,0.015007,0.002121,0.003462,0.002958,0.023256,0.002874
LAO_Hoabinhian,-0.025041,-0.224432,-0.11917,0.087856,0.022466,-0.001952,-0.003055,0.01223,0.060539,0.018406,0.012829,0.001199,-0.000446,0.006055,-0.007872,-0.006364,-0.00352,-0.00076,-0.005531,0.023386,0.006988,0.013107,-0.017131,-0.001325,0.003712
JPN_Jomon,0.0069811,-0.3414211,-0.0540793,0.0114773,0.0410742,0.0115648,-0.0010653,-0.0016769,0.0231112,0.0195963,-0.0499291,-0.0063843,0.0079881,-0.0058443,-0.0226653,-0.0151329,0.0052415,0.0099747,0.0045419,-0.0071951,0.0649937,-0.0461388,0.0091367,0.00874,-0.1001189
CHN_Yellow_River_MN,0.0166182,-0.4441924,0.0136518,-0.0588506,0.0390226,0.0112114,0.0082252,0.0014306,-0.0015546,0.0055034,-0.092269,-0.01106,0.0142414,-0.0075692,-0.0129476,-0.0003978,0.0051112,-0.0020522,-0.0057318,-0.0019008,0.0136762,0.015704,0.0105996,-0.002458,0.0122624
CHN_Tanshishan_N,0.005691,-0.427538,-0.04186,-0.058463,0.123408,0.055778,-0.00846,-0.01823,-0.020043,-0.024055,0.035076,3e-04,-0.004906,0.003578,-0.000271,0.014585,0.001825,0.001267,0.003017,-0.012256,0.005865,-0.009398,0.002958,-0.007832,-0.03341

LAO_LN_BA,0.005691,-0.40215,-0.083721,-0.034561,0.15049,0.078089,-0.002585,-0.012692,-0.006136,-0.018588,0.089801,0.004346,-0.012785,0.010184,0.003393,-0.005701,-0.002477,0.0019,-0.00088,0.026388,-0.016845,0.02201,-0.011955,0.001325,0.039038
LAO_BA,0.002276,-0.380824,-0.079195,-0.03553,0.148643,0.06777,-0.00047,-0.013615,0.00409,-0.020593,0.082006,0.007643,-0.022002,0.005643,0.004614,-0.004375,0.000782,-0.001774,-0.006411,0.019509,-0.011854,0.014096,-0.008627,-0.005663,0.036643


新疆南土著
CHN_Tarim_EMBA1,0.1024407,-0.1020145,0.0724415,0.2024339,-0.1150705,0.0468284,-0.0488607,-0.0607316,-0.0422248,-0.0966016,0.0281819,-0.0135289,0.0246371,-0.0711008,0.0259348,0.0231912,-0.0195695,-0.0016125,0.0011998,-0.0060484,-0.0502636,0.0072393,0.0237195,0.0138464,-0.0086437
CHN_Tarim_EMBA2,0.104717,-0.118817,0.078441,0.199938,-0.088016,0.05271,-0.041127,-0.053998,-0.035587,-0.086015,0.022572,-0.012739,0.02334,-0.052985,0.002443,0.02612,-0.003651,0.007095,-0.003771,-0.01013,-0.057773,0.011376,0.019843,0.02663,0.002155

北東亞
RUS_AfontovaGora3,0.093335,-0.01828,0.083344,0.231592,-0.091402,0.042949,-0.063688,-0.078228,-0.035383,-0.096221,0.047417,-0.0105,0.023637,-0.074454,0.020358,0.02254,-0.012908,0.003801,-0.003394,0.000625,-0.03706,0.015209,0.013927,0.009278,-0.005149

蒙古與黃河:
MNG_North_N,0.0237403,-0.4314549,0.0890541,-0.0247326,-0.0815536,-0.0521129,0.0134964,0.0145379,0.0179981,0.020098,-0.029346,-0.0013709,0.0013593,-0.0051314,-0.0056033,-0.0039967,0.0038743,0.0006154,0.0038967,0.020331,-0.0196439,-0.0037801,-0.0166207,-0.0061969,0.0076981
MNG_East_N,0.025041,-0.4427705,0.0788185,-0.0347225,-0.074937,-0.056336,0.0172735,0.015461,0.0166685,0.0266065,-0.0353195,-0.0038215,0.001264,0.0030965,-0.008279,-0.006696,0.002347,0.002027,0.004211,0.019009,-0.0150985,-0.006801,-0.0272995,-0.008736,0.0049695
CHN_Amur_River_6320BP,0.029594,-0.443786,0.067505,-0.054587,-0.040931,-0.049364,0.01034,-0.004615,-0.004909,0.013121,-0.048879,-0.009741,-0.001635,0.007982,-0.008686,-0.008353,0.010822,0.003167,0.029413,0.017383,0.005989,-0.024731,-0.014543,-0.001928,-0.011855
CHN_Yellow_River_LBIA,0.01935,-0.4468328,0.0097298,-0.0624682,0.0519482,0.0227016,0.00611,0.0024,-0.0134574,0.0046288,-0.0819736,-0.0089022,0.009544,-0.0082574,-0.0056188,-0.002095,0.0014602,0.0022552,-0.0039972,-0.0096546,0.0139754,0.0101396,0.0114128,-0.0056634,0.0016044
CHN_Xiaojingshan_N,0.012141,-0.4383703,0.0250157,-0.052003,0.0229783,-0.0105053,-0.0044653,0.0010767,-0.007363,0.010205,-0.0803823,-0.0115397,0.0122397,-0.0031193,-0.0077813,-0.0079553,-0.00013,0.0016047,0.004106,-0.0042103,0.0137257,-0.0002883,0.0098187,-0.006145,-0.005788


CHN_Tianyuan,-0.027318,-0.260991,-0.075424,0.071383,0.033545,-0.018407,-0.00799,-0.003,0.040291,0.021322,-0.006333,-0.005995,-0.003568,-0.00523,-0.000407,-0.000663,0.008084,0.002407,-0.001131,0.027263,-0.001747,0.008037,-0.008874,-0.010845,0.011256
CHN_Amur_River_19000BP,0.006829,-0.427538,0.017348,-0.047804,0.015695,-0.004462,-0.003055,-0.010384,0.001636,0.00656,-0.034914,-0.005995,0.006838,-0.002615,-0.005836,-0.00358,0.004433,-0.000507,0.006285,-0.001626,0.01722,-0.014467,0.00493,-0.007953,-0.012334
CHN_Amur_River_33000BP,-0.042115,-0.266069,-0.092395,0.063954,0.024928,-0.017012,-0.005875,-0.001846,0.041723,0.024237,-0.005846,0.000749,0.004906,-0.007019,-0.007872,-0.014452,0.012256,-0.00228,0.003394,0.026513,0.000749,0.014591,-0.003328,-0.000361,0.004191




伊朗農夫:
IRN_Seh_Gabi_LN,0.05122,0.081242,-0.153488,-0.021964,-0.101865,0.006414,0.014336,0.003231,-0.068925,-0.045559,0,0.00045,0.012636,-0.008533,0.02348,0.059665,0.001956,0.008615,0.008296,-0.034266,0.012478,-0.020897,-0.00456,-0.024823,0.01916

伊朗農夫印度:
IRN_Shahr_I_Sokhta_BA2,0.0455292,-0.0331064,-0.1690254,0.0957374,-0.103404,0.0561686,0.0075672,0.0043384,0.007772,0.0049936,-0.0033452,0.006684,-0.0024382,-0.0029452,0.0078446,0.0104482,-0.0039116,0.0024324,0.0004778,-0.0146824,0.0011976,-0.0132554,0.0003698,-0.0097362,0.0012452



Yamnaya_UKR:I2105,0.119514,0.088351,0.044123,0.110144,-0.032006,0.038487,0.00799,0.002308,-0.05788,-0.076721,-0.002761,-0.002398,0.000743,-0.021056,0.033387,0.01485,0.004955,-0.008235,-0.002263,0.015007,0.002121,0.003462,0.002958,0.023256,0.002874
Yamnaya_SRB:I11446,0.127482,0.099522,0.042992,0.082042,-0.014464,0.03765,0.028436,0.002077,-0.038041,-0.068339,-0.001624,-0.002098,-0.009366,-0.019542,0.028637,0.026783,0.010561,-0.007728,-0.007039,0.012756,-0.011105,-0.013478,0.008751,0.030727,-0.010059
Wales_N,0.12236,0.1675625,0.0494025,-0.0421515,0.0829385,-0.0207775,-0.003995,-0.000808,0.0583915,0.085013,-0.002111,0.0109405,-0.031665,-0.0063305,-0.0109935,-0.00716,0.0065845,0.002217,-0.0023885,-0.004752,0.014911,0.006677,-0.0162075,-0.0409095,-0.001916
Levant_PPNC,0.0705705,0.1756865,-0.022627,-0.145997,0.02939,-0.063169,-0.0158635,-0.0151145,0.0759805,0.039363,0.0101495,-0.0129635,0.0295835,0.0031655,-0.015879,0.000663,0.003129,-0.0034205,-0.0084215,0.009567,-0.009171,0.0045755,-0.0007395,0.0006625,-0.0020955


CHN_Xitoucun_N,0.0085365,-0.431092,-0.037335,-0.058786,0.125562,0.0496425,0.0001175,-0.011538,-0.0223955,-0.013759,0.015995,0.0044235,0.003865,-0.001514,0.0068535,0.0021215,-0.000326,0.0041805,0.0024515,-0.0123805,0.018842,-0.017435,0.0094285,-0.0102425,-0.024369
CHN_Qihe_11500BP,-0.005691,-0.390979,-0.049026,-0.020349,0.091402,0.035977,-0.00705,-0.011769,-0.00859,-0.00893,0.014128,0,-0.00773,0.013349,0.001629,-0.004641,-0.004824,0.005828,-0.007793,-0.008754,0.014599,0.000618,-0.005176,-0.013014,-0.016286
CHN_Longlin_10500BP,0.002276,-0.329032,-0.067505,0.023902,0.05201,0.021753,0.006815,-0.014307,0.027406,0.010934,0.005359,0.016935,0.00223,0.007569,-0.005157,-0.006895,0.009388,0.008615,-0.004022,0.017633,-0.003993,0.020279,-0.011955,-0.001325,0.010538


TWN_Gongguan,0.009106,-0.455973,-0.032432,-0.075905,0.142796,0.070559,-0.008695,-0.011999,-0.030065,-0.024602,0.052614,-0.003147,0.008474,-0.003303,0.009908,0.008618,-0.012778,0.006714,0.012821,-0.013256,0.00549,-0.032397,-0.001109,-0.008194,-0.061192
TWN_Hanben,0.0155393,-0.4419318,-0.0435985,-0.0634906,0.1387417,0.064642,-0.0045365,-0.0134342,-0.0232624,-0.0208937,0.0412537,0.0034991,-0.002999,-0.0035123,0.0102085,0.0065775,-0.0008786,0.0056239,0.0068097,-0.0128105,0.0079044,-0.0258488,0.0022506,-0.0087176,-0.0486288
TWN_Liangdao_Late_Paleo,0.006829,-0.379808,-0.035449,-0.02907,0.119715,0.0502,-0.00094,-0.005769,-0.014112,-0.025695,0.03329,-0.001798,-0.016055,0.012799,-0.005157,0.010209,-0.005607,0.007855,0.00352,0.001376,0.024582,-0.003091,0.014666,-0.004579,-0.015567


RUS_Angara_River_N:irk034,0.052359,-0.360513,0.099937,0.027132,-0.105558,-0.039881,-0.003055,0.002538,0.008385,-0.011481,0.009256,-0.006894,0.009217,-0.029038,-0.004207,0.002652,-0.012517,0,0.009176,0.006628,-0.032692,0.009769,0.016145,-0.009399,-0.007903





Telugu:HG03772.SG,0.035285,-0.096475,-0.19384,0.126617,-0.087093,0.076416,0.00094,0.016615,0.053176,0.042643,-0.006983,-0.002398,0.001635,0.007156,-0.011129,-0.009281,0.008475,-0.00152,-0.000126,-0.003877,0.003868,0.00136,-0.003574,-0.000723,-0.000599
Telugu:HG03773.SG,0.042115,-0.097491,-0.191577,0.119834,-0.080938,0.073627,0.003055,0.015692,0.044177,0.032802,-0.000325,3e-04,-0.001041,0.000413,-0.010722,-0.003845,0.010431,-0.003547,0.000377,-0.001626,0.004367,-0.003215,0.006162,0.004579,-0.007065
Telugu:HG03774.SG,0.040976,-0.06804,-0.178001,0.104006,-0.079707,0.066376,0.00094,0.006923,0.040291,0.027335,-0.002436,0.000749,0.001784,0.00289,-0.006379,0.000133,0.000782,0.001267,-0.003268,-0.004627,0.005366,-0.004328,-0.003821,0.002892,-0.006347
Telugu:HG03775.SG,0.0387,-0.074134,-0.168573,0.108529,-0.087093,0.06526,-0.003055,0.014999,0.041723,0.019317,0.002111,0.002548,-0.004014,0.012661,-0.0019,-0.006895,-0.010822,0.002154,0.002263,-0.000625,-0.004991,-0.001237,0.002095,-0.013737,-0.005868
