Dutch:GSM1633981,0.12862,0.137096,0.067127,0.049096,0.050471,0.012829,0.00517,0.006692,0.006136,0.00492,0.004222,0.002997,-0.012339,-0.006331,0.019408,0.009812,-0.001695,-0.00038,-0.005656,0.007879,0.004492,0.002349,-0.000863,0.01217,-0.003473
Russian_Smolensk:SM256_russian_Smolensk,0.133173,0.114755,0.070144,0.0646,0.038469,0.023706,0.014571,0.014538,0.001432,-0.021322,-0.00682,-0.004346,0.018583,0.033167,-0.004207,-0.008486,-0.000522,0.004434,0.001383,-0.001876,-0.002995,-0.001731,0.006655,-0.007953,-0.003353
Turkish_Balikesir:TDP_Balikesir01,0.095611,0.037575,-0.003017,-0.031331,-0.016926,-0.004462,0.012926,-0.003231,-0.021066,0.000364,-0.006171,0.001499,-0.003122,0.006606,-0.008415,0,-0.00339,-0.001014,0.005405,0,-0.000499,-0.006183,0.004437,-0.007712,-0.000838
Turkish_Deliorman:Turkish_Eskicuma1,0.111547,0.092413,0.020365,0.00323,0.013541,0.003626,0.00235,0.003231,-0.003068,0.002916,-0.001137,-0.007194,0.013974,-0.000826,-0.006107,0.003447,0.013821,0.005194,0.003645,0.000125,0.007861,-0.005688,-0.001602,0.003133,0.000239
Greek_Dodecanese:673,0.110408,0.139128,-0.015085,-0.035853,0.000923,-0.009482,0.00423,-0.001154,-0.005522,0.017859,0.002598,0.002698,-0.010406,-0.007707,-0.020087,-0.005436,0.010691,0.00228,0.002765,-0.003252,-0.008111,0.001607,-0.001602,-0.008194,-0.006107
Greek_East_Macedonia_and_Thrace:MAK147,0.122929,0.137096,0.018102,-0.005814,0.028621,-0.006693,0.00752,0.003231,0.001432,0.006925,0.000812,-0.005995,0.004162,0.012248,-0.019815,-0.005038,-0.002217,-0.002534,0.006788,0.001751,-0.011605,0.005317,-0.000246,-0.00482,-0.000718
Mongolian:mongol120,0.053497,-0.328016,0.067127,-0.026486,-0.051394,-0.032072,0.015041,0.016615,0.002454,0.009112,-0.023871,-0.002997,-0.006987,0.000413,0.0019,0.007955,0.008345,0.002914,0.007542,0.009755,-0.022959,-0.010634,-0.019843,0.001687,0.000479
Mongol_Inner_Mongolia:17671809290603,0.03187,-0.400119,0.047894,-0.043605,-0.00677,-0.006693,0.00658,0.013615,-0.006749,0.006925,-0.05505,-0.01169,0.007136,0.004266,-0.012758,-0.011535,-0.004172,0.004054,0.00264,5e-04,0.002246,0.000989,0.003451,-0.005663,0.003353
Japanese:HGDP00747,0.023903,-0.44988,0.013953,-0.059432,0.03693,0.006972,0.00752,0.005769,-0.002659,0.008747,-0.074049,-0.007194,0.011001,-0.014313,-0.011536,-0.006497,-0.001304,0.00152,0.005531,-0.007629,0.019216,-0.020526,0.003944,0.006386,-0.044667
Han_Shanxi:Han790,0.017073,-0.433631,0.008674,-0.067507,0.055703,0.024263,0.006345,0.009692,-0.007772,0.003827,-0.073887,-0.008992,0.011298,-0.009634,-0.009636,-0.002121,0.00013,-0.00228,-0.004651,-0.009379,0.010107,0.005812,0.018857,0.006507,0.005269
Han_Henan:Han1714,0.01935,-0.452926,0.006034,-0.068476,0.047701,0.026216,0.011986,0.006692,-0.020657,0.003827,-0.078758,-0.009891,0.01219,-0.001514,-0.003936,-0.001061,0.005215,-0.006968,0.001634,-0.008504,0.009358,0.005317,0.011216,-0.000723,-0.000718
Han_Jiangsu:Han1452,0.018212,-0.451911,0.001508,-0.071383,0.067089,0.018686,0.009165,-0.003692,-0.013499,0.006014,-0.07275,-0.007194,0.008176,-0.011285,-0.012079,-0.003315,0.000913,0.007728,-0.00352,-0.004502,0.016097,0.009769,0.017748,-0.003976,0.00479
Han_Jiangsu:Han2090,0.025041,-0.454957,-0.006788,-0.06783,0.066166,0.024542,0.003995,0.000692,-0.012271,0.00492,-0.055862,-0.012739,0.011447,-0.005643,-0.01045,0.002917,0.004433,-0.00266,-0.004148,-0.02101,0.011355,0.009274,0.010599,-0.000241,0.000718
Han_Hubei:Han2161,0.028456,-0.455973,0.000377,-0.065569,0.067397,0.029005,0.009635,-0.003461,-0.015135,0.001093,-0.052289,0.002248,0.009366,-0.010322,-0.015336,0.001856,-0.002477,-0.00228,-0.008422,-0.016008,0.020464,0.005935,0.011832,-0.003856,-0.004191
Han_Chongqing:Han1968,0.022765,-0.451911,-0.013576,-0.070737,0.084939,0.035977,0.002585,0.003231,-0.017385,0.002187,-0.045306,-0.002997,0.006095,-0.011698,-0.005022,0.002387,0.004433,-0.005574,0.004525,-0.004002,0.010856,0.00779,0.008874,0.001807,0.009819
Han_Fujian:Han1467,0.020488,-0.452926,-0.017725,-0.07106,0.095402,0.039045,0.003055,-0.007154,-0.015748,0.003462,-0.049366,-0.007343,0.006095,-0.00867,-0.006379,-0.003713,0.001173,0.00152,-0.007039,-0.012506,0.011105,0.011623,0.025636,-0.000361,-0.007903
Han_Fujian:Han1994,0.01935,-0.450895,-0.019987,-0.06137,0.082477,0.039881,0.00141,-0.008077,-0.009817,-0.004009,-0.054725,-0.005845,0.00446,-0.00578,-0.009229,0.000663,-0.000522,0.001774,-0.005908,-0.015758,0.023708,0.004328,0.00986,0.007471,-0.006945
Han_Guangdong:Han1207,0.029594,-0.451911,-0.006788,-0.068799,0.085862,0.040439,0.005405,-0.003692,-0.01493,-0.000182,-0.046118,-0.003147,0.013082,-0.005505,-0.001493,0.001989,-0.001956,-0.00038,0.000628,-0.022136,0.017095,0.01558,0.015899,0.000361,0.002275
Han_Guangdong:Han2087,0.017073,-0.459019,-0.02489,-0.072029,0.096633,0.035698,-0.00047,-0.009692,-0.019021,-0.00893,-0.036862,-0.002398,0.002825,-0.003165,0.001764,-0.001458,-0.00339,-0.003041,0.003268,-0.015758,0.01672,0.006677,0.011832,0.009158,-0.004311
Han_Guangdong:Han2088,0.017073,-0.450895,-0.024136,-0.065569,0.110482,0.054384,-0.00282,-0.00923,-0.005318,-0.00164,-0.025495,-0.002997,-0.001487,-0.003028,-0.010179,0.003182,0.00352,-0.000633,-0.000628,-0.015758,0.015972,0.005935,0.017008,0.000361,-0.011376
Kinh_Vietnam:HG01600,0.018212,-0.442771,-0.0445,-0.055879,0.118791,0.05271,0.000705,-0.013846,-0.015748,-0.009659,-0.000974,-0.005095,0.000595,-0.01156,-0.007329,0.003315,0.003651,0.010135,0.003268,-0.009505,0.012852,0.004328,0.01479,0.009519,-0.007544
Tai_Lue:TL316,0.026179,-0.430584,-0.038843,-0.060401,0.12587,0.055499,-0.002585,-0.006461,-0.014726,-0.013485,0.002111,-0.002398,0.001189,-0.003303,-0.001086,-0.001458,-0.001956,0.003801,0.001131,-0.015007,0.011105,0.006554,0.013434,0.004579,0.006107
Tai_Lue:TL343,0.009106,-0.44074,-0.042238,-0.062985,0.133563,0.04518,-0.003055,-0.008769,-0.018816,-0.009294,0.003897,-3e-04,-0.001338,-0.004404,0.00855,0.002254,-0.005867,0.004181,-0.005154,-0.009379,-0.001373,0.002968,0.015652,0.002651,-0.000479
Tai_Lue:TL348,0.007968,-0.444802,-0.037335,-0.070091,0.136333,0.056615,-0.00423,-0.013846,-0.029042,-0.011116,0.015427,-0.003147,0.001189,-0.001927,0.001629,0.006364,0.006258,0.001394,-0.005405,-0.011756,0.013726,0.001855,0.015899,0.001205,-0.000359
Tai_Lue:TL351,0.005691,-0.441755,-0.039221,-0.057494,0.124331,0.073069,0.00094,-0.008538,-0.015339,-0.015308,0.013965,0.003747,-0.008028,-0.001927,-0.003664,0.000796,0.007562,-0.001014,-0.006034,-0.011005,0.014474,0.010016,0.015652,-0.000843,0.003712
Thai:CHI007,0.013659,-0.37473,-0.06675,-0.032623,0.094171,0.049364,-0.003055,0.003231,-0.008385,-0.006743,0.016401,3e-04,-0.002379,-0.000413,0.001629,-0.002254,0.002738,-0.004181,0.000377,0.005753,0.004492,0.008656,0.004683,0.004338,0.021794
Thai:CHI034,0.014797,-0.426522,-0.047517,-0.049419,0.125562,0.059125,-0.00141,-0.014999,-0.005318,-0.01221,0.027931,-0.002698,-0.004608,0,-0.000271,0.001061,0.007171,0.004181,0.005279,-0.002376,0.006239,-0.000866,0.001972,0.000964,0.00934
Thai:DCH002,0.018212,-0.350358,-0.062225,-0.01292,0.079092,0.053826,-0.010105,-0.010153,0.000818,-0.004009,0.020136,0.006145,-0.005203,-0.002202,-0.000814,0.001326,-0.002477,0.002407,0,-0.003877,-0.002496,0.009892,0.003944,0.001807,0.016645
Thai:DCH006,0.018212,-0.355435,-0.072407,-0.013566,0.096633,0.060798,-0.002585,-0.004615,-0.001432,-0.008018,0.035238,0.004646,-0.001189,0.003441,0.012351,0.000133,-0.00339,-0.006334,-0.010056,0.000875,-0.007736,0.016693,-0.001602,0.000241,0.023112
Thai:DCH007,0.023903,-0.411289,-0.042238,-0.043282,0.095095,0.054105,-0.00658,-0.004846,-0.017385,-0.006378,-0.01153,-0.003747,-0.006244,0.000413,-0.002443,-0.009546,-0.000391,-0.003421,-0.005028,-0.010505,0.005241,0.006554,0.001725,-0.001205,0.005149
Thai:DCH008,0.023903,-0.353404,-0.078064,-0.022287,0.089555,0.058009,0.00658,-0.005769,0.002045,-0.004374,0.024196,-0.001798,-0.004014,0.004817,-0.000271,0.002784,0.007432,-0.0019,-0.003017,0.003752,0.008111,0.011871,-0.002465,-0.00012,0.004071
Thai:DCH009,0.022765,-0.384886,-0.054682,-0.042313,0.09294,0.050479,-0.006345,-0.004846,-0.011044,-0.006196,0.0177,0.00015,-0.0055,-0.007294,-0.001221,-0.000796,-0.00352,0.001647,-0.00176,-0.005253,0.006613,-0.000742,0.013064,-0.001807,0.001437
Thai:DCH010,0.023903,-0.356451,-0.068259,-0.017119,0.083708,0.056336,-0.00658,-0.005077,-0.001636,0.000182,0.024033,0.008542,-0.008028,0.002477,-0.004207,0.002652,0.001565,-0.002787,-0.001131,-0.006503,0.001622,0.011623,0.008134,0.00723,0.014969
Khmer:KHM126,0.002276,-0.396056,-0.086361,-0.019057,0.136333,0.066376,-0.00705,-0.004154,0.000614,-0.016401,0.075348,0.004046,-0.002973,0.009358,0.009093,0.007292,-0.006389,-0.00228,-0.004525,0.012881,-0.007362,0.008779,0,-0.003856,0.026704
Khmer:KHM138,0.018212,-0.399103,-0.078441,-0.02907,0.126485,0.057451,-0.015041,-0.004384,-0.00634,-0.012028,0.049528,0.009142,-0.004311,0.007432,0.002172,-0.003978,0.002868,-0.008361,-0.001508,0.007253,-0.005241,0.015828,-0.007025,0.01217,0.037961
Malay:SGVP00063,0.015935,-0.41332,-0.042615,-0.042313,0.104019,0.047133,0.000705,-0.007846,-0.013294,-0.016219,0.018675,0.003897,0.004608,-0.003303,0.00095,-0.001856,-0.001956,0.00228,0.002011,-0.004252,0.000873,-0.001855,-0.00037,0.001205,-0.010059
Malay:SGVP00089,0.004553,-0.384886,-0.080704,-0.028424,0.128639,0.054941,0.000705,-0.002077,-0.010226,-0.014761,0.065443,0.005845,-0.005352,0.009634,0.007057,-0.002121,-0.010952,-0.002407,0.005782,0.003752,-0.012977,-0.004822,-0.012695,-0.001807,-0.003952
Indonesian_Java:GRC10041220,0.009106,-0.406212,-0.081081,-0.03876,0.143719,0.07028,0.00094,-0.013615,-0.014521,-0.019864,0.092074,0.005695,-0.006392,0.006193,0,0.008486,0.004433,-0.003674,0.002137,0.014382,-0.013851,-0.002473,-0.011092,-0.002771,0.016406
Indonesian_Java:GRC10041221,0.011382,-0.405196,-0.07731,-0.032623,0.145258,0.064982,0,-0.008769,-0.008795,-0.011481,0.079246,0.017235,-0.01442,0.011147,0.004343,-0.005967,-0.007823,0.000887,-0.002891,0.016633,-0.004991,0.007048,-0.009244,-0.004579,0.023471
Igorot:GS000019908,0.01935,-0.450895,-0.049026,-0.0646,0.141565,0.060519,-0.003995,-0.014076,-0.027815,-0.020228,0.043845,0.002248,-0.011298,-0.00812,0.009229,0.009944,-0.002868,0.011275,0.01345,-0.017884,0.005615,-0.0413,-0.002588,-0.010724,-0.07664
