CHN_Tanshishan_N,0.005691,-0.427538,-0.04186,-0.058463,0.123408,0.055778,-0.00846,-0.01823,-0.020043,-0.024055,0.035076,3e-04,-0.004906,0.003578,-0.000271,0.014585,0.001825,0.001267,0.003017,-0.012256,0.005865,-0.009398,0.002958,-0.007832,-0.03341
Han_Shandong:Han220,0.01935,-0.44988,0.004525,-0.061693,0.05201,0.018686,0.00658,0.001154,-0.011862,-0.001093,-0.072425,-0.005395,0.012933,-0.007019,-0.010179,0.004641,0.002738,-0.00114,-0.004274,-0.009505,0.006613,0.001237,0.018734,-0.002169,0.002634
Han_Shandong:Han853,0.018212,-0.44988,0.016593,-0.066215,0.044931,0.018128,0.003525,0.000231,-0.009817,0.010752,-0.075998,-0.012289,0.003419,-0.002752,-0.005293,-0.000663,0.001434,-0.003041,0.001131,-0.009755,0.017095,0.008408,0.006532,0,0.001676
Han_Shanghai:Han24,0.03187,-0.44988,-0.00528,-0.064277,0.064012,0.034304,-0.000705,0.004384,-0.015953,-0.006378,-0.076972,-0.017834,0.013082,-0.002202,-0.006243,0.009281,0.004694,0.00114,0.004399,-0.017383,0.014849,0.00779,0.01861,-0.002892,-0.009939
Han_Shanxi:Han1899,0.026179,-0.439724,0.019233,-0.049419,0.044316,0.01004,0.002115,-0.001154,-0.011862,0.007107,-0.075348,-0.007643,0.010109,-0.012937,-0.003664,-0.002784,0.000913,0.000887,-0.002514,0.000375,0.00861,0.011252,0.017255,-0.001807,0.006826
Han_Henan:Han1226,0.028456,-0.434647,0.009051,-0.057494,0.051394,0.015897,-0.00376,0.000462,-0.015135,0.011481,-0.066904,-0.014537,0.016947,-0.013487,-0.004886,0.000265,-0.002347,0.002787,0.00352,0.002376,0.011729,0.01014,0.012325,-0.014098,-0.000958
Han_Henan:Han1243,0.026179,-0.437693,0.012445,-0.065569,0.047393,0.016455,0.00752,0.000462,-0.007158,0.008018,-0.079408,-0.017085,0.013082,-0.013487,-0.005836,0.001061,0,0.006968,-0.00817,-0.006878,0.008485,0.008903,0.007272,-0.000482,-0.00012
Han_Jiangsu:Han2076,0.026179,-0.447848,-0.003017,-0.073967,0.069244,0.035698,0.00752,-0.000692,-0.014521,-0.000729,-0.06122,-0.003297,0.013677,-0.010184,-0.005565,0.009016,0.001043,0.008235,-0.00088,-0.01063,0.014974,0.000124,0.01861,-0.006386,-0.005389
Han_Jiangsu:Han2090,0.025041,-0.454957,-0.006788,-0.06783,0.066166,0.024542,0.003995,0.000692,-0.012271,0.00492,-0.055862,-0.012739,0.011447,-0.005643,-0.01045,0.002917,0.004433,-0.00266,-0.004148,-0.02101,0.011355,0.009274,0.010599,-0.000241,0.000718
Han_Hubei:Han2161,0.028456,-0.455973,0.000377,-0.065569,0.067397,0.029005,0.009635,-0.003461,-0.015135,0.001093,-0.052289,0.002248,0.009366,-0.010322,-0.015336,0.001856,-0.002477,-0.00228,-0.008422,-0.016008,0.020464,0.005935,0.011832,-0.003856,-0.004191
Han_Hubei:Han2162,0.026179,-0.451911,0.003771,-0.066861,0.075399,0.034304,-0.00141,-0.007615,-0.012476,0.004191,-0.052776,-0.004196,0.009514,-0.012799,-0.006107,-0.002652,0.000913,0.00266,-0.002891,-0.014757,0.023334,-0.002844,0.015036,-0.008194,-0.008981
Han_Chongqing:Han516,0.021626,-0.448864,-0.013576,-0.062016,0.086785,0.04267,-0.002115,-0.005538,-0.018203,-0.008018,-0.052939,-0.003447,0.012785,0.004404,-0.003393,0.000663,-0.003651,0.000887,0.00176,-0.004252,0.021337,0.009645,0.020213,-0.003253,0.003952
Han_Fujian:Han1467,0.020488,-0.452926,-0.017725,-0.07106,0.095402,0.039045,0.003055,-0.007154,-0.015748,0.003462,-0.049366,-0.007343,0.006095,-0.00867,-0.006379,-0.003713,0.001173,0.00152,-0.007039,-0.012506,0.011105,0.011623,0.025636,-0.000361,-0.007903
Han_Fujian:Han1619,0.020488,-0.445817,-0.015839,-0.068476,0.089863,0.038208,0.00517,0.001154,-0.016157,-0.004738,-0.049041,-0.006294,0.00669,-0.010459,-0.000407,-0.002652,0.005737,-0.000253,-0.006285,-0.015132,0.020464,0.010387,0.015899,-0.001205,0.000239
Han_Fujian:Han1900,0.014797,-0.455973,-0.006411,-0.063954,0.077861,0.042112,-0.004935,0.004384,-0.012885,-0.000729,-0.05034,-0.003147,0.002676,-0.010872,-0.007057,-0.003845,0.004172,0.003167,0.004399,-0.009129,0.019715,-0.005564,0.015652,0.005663,-0.00479
Han_Fujian:Han1934,0.01935,-0.454957,-0.012822,-0.074613,0.086785,0.038487,0.00564,0.000231,-0.018816,-0.002369,-0.051802,-0.001049,0.00892,-0.011147,-0.005022,0.001856,0.000652,0.001774,0.004902,-0.015507,0.011355,0.003091,0.016269,0.007712,-0.01413
Han_Fujian:Han1994,0.01935,-0.450895,-0.019987,-0.06137,0.082477,0.039881,0.00141,-0.008077,-0.009817,-0.004009,-0.054725,-0.005845,0.00446,-0.00578,-0.009229,0.000663,-0.000522,0.001774,-0.005908,-0.015758,0.023708,0.004328,0.00986,0.007471,-0.006945
Han_Guangdong:Han1207,0.029594,-0.451911,-0.006788,-0.068799,0.085862,0.040439,0.005405,-0.003692,-0.01493,-0.000182,-0.046118,-0.003147,0.013082,-0.005505,-0.001493,0.001989,-0.001956,-0.00038,0.000628,-0.022136,0.017095,0.01558,0.015899,0.000361,0.002275
Han_Guangdong:Han1235,0.012521,-0.456988,-0.018479,-0.077843,0.096941,0.049085,0.003525,-0.008538,-0.023929,-0.010934,-0.032802,-0.005245,0.011298,-0.002477,-0.004343,0.003182,-0.004433,0.005321,-0.006411,-0.007754,0.012228,0.014838,0.009367,-0.010483,0.000479
Han_Guangdong:Han1415,0.01935,-0.44988,-0.020365,-0.070737,0.112021,0.056615,-0.000235,-0.007384,-0.011044,-0.007654,-0.019162,-0.008992,0.014271,-0.004679,-0.006515,0.006364,0,0.010388,-0.004399,-0.01063,0.009982,0.004822,0.014297,-0.006145,0.002874
Han_Guangdong:Han2087,0.017073,-0.459019,-0.02489,-0.072029,0.096633,0.035698,-0.00047,-0.009692,-0.019021,-0.00893,-0.036862,-0.002398,0.002825,-0.003165,0.001764,-0.001458,-0.00339,-0.003041,0.003268,-0.015758,0.01672,0.006677,0.011832,0.009158,-0.004311
Han_Guangdong:Han2088,0.017073,-0.450895,-0.024136,-0.065569,0.110482,0.054384,-0.00282,-0.00923,-0.005318,-0.00164,-0.025495,-0.002997,-0.001487,-0.003028,-0.010179,0.003182,0.00352,-0.000633,-0.000628,-0.015758,0.015972,0.005935,0.017008,0.000361,-0.011376
Ami:NA13613,0.014797,-0.452926,-0.054682,-0.068799,0.144642,0.066097,-0.00235,-0.017999,-0.027815,-0.01549,0.049204,0.004796,-0.009514,0.002202,0.003393,0.002784,-0.005085,0.008995,0.01081,-0.020885,0.015597,-0.026585,0.001849,-0.009037,-0.054486
Atayal:NA13602,0.01935,-0.441755,-0.042615,-0.070414,0.132025,0.053547,-0.005875,-0.014307,-0.02577,-0.024055,0.039785,0.006145,-0.00446,0.007569,0.014386,0.007425,-0.000391,0.010262,0.007542,-0.008629,0.003494,-0.019413,-0.000493,-0.006386,-0.051732
Australian:B_Australian-4,-0.040976,-0.237634,-0.214582,0.234176,0.135718,-0.33439,-0.003525,0.008538,-0.010431,0.003098,-0.004872,0.002398,0.00223,-0.000138,-0.00285,0.00053,0.011343,0.005068,-0.002263,0.008879,0.000374,-0.000742,-0.00493,0.005302,-0.002275
Japanese:HGDP00747,0.023903,-0.44988,0.013953,-0.059432,0.03693,0.006972,0.00752,0.005769,-0.002659,0.008747,-0.074049,-0.007194,0.011001,-0.014313,-0.011536,-0.006497,-0.001304,0.00152,0.005531,-0.007629,0.019216,-0.020526,0.003944,0.006386,-0.044667
Japanese:HGDP00748,0.023903,-0.44988,0.012822,-0.064923,0.034468,0.011156,-0.00376,0.000462,-0.008999,0.011116,-0.078596,-0.007044,0.009812,-0.001514,-0.012215,-0.005569,0.002868,0.001014,0.00088,-0.012881,0.024706,-0.007543,0.00419,0.003856,-0.044547
CHN_Longlin_10500BP,0.002276,-0.329032,-0.067505,0.023902,0.05201,0.021753,0.006815,-0.014307,0.027406,0.010934,0.005359,0.016935,0.00223,0.007569,-0.005157,-0.006895,0.009388,0.008615,-0.004022,0.017633,-0.003993,0.020279,-0.011955,-0.001325,0.010538
Kinh_Vietnam:HG01600,0.018212,-0.442771,-0.0445,-0.055879,0.118791,0.05271,0.000705,-0.013846,-0.015748,-0.009659,-0.000974,-0.005095,0.000595,-0.01156,-0.007329,0.003315,0.003651,0.010135,0.003268,-0.009505,0.012852,0.004328,0.01479,0.009519,-0.007544
Kinh_Vietnam:HG01842,0.01935,-0.427538,-0.038089,-0.059755,0.120946,0.054105,-0.0047,-0.011769,-0.020043,-0.010934,0.008119,-0.003747,-0.001487,-0.011285,-0.000271,-0.00053,-0.001434,-0.00114,-0.006285,-0.008129,0.006239,0.003833,0.012571,-0.003615,-0.001197
Korean:Korean12,0.023903,-0.462066,0.018479,-0.0646,0.037853,0.014781,0.00564,0.006461,-0.012067,0.004556,-0.0721,-0.003447,0.00892,-0.01156,-0.010315,-0.005701,0.002217,0.006588,0.000503,-0.009254,0.022211,-0.005193,0.012571,-0.008073,-0.027423
Korean:Korean13,0.01935,-0.454957,0.023004,-0.065892,0.037545,0.011992,0.009165,0.009,-0.008385,0.00328,-0.074861,-0.008542,0.012042,0.00055,-0.011672,-0.005038,-0.005476,0.003294,0.000377,-0.009505,0.014599,-0.003091,0.007395,-0.005181,-0.021555
Thai:DCH006,0.018212,-0.355435,-0.072407,-0.013566,0.096633,0.060798,-0.002585,-0.004615,-0.001432,-0.008018,0.035238,0.004646,-0.001189,0.003441,0.012351,0.000133,-0.00339,-0.006334,-0.010056,0.000875,-0.007736,0.016693,-0.001602,0.000241,0.023112
Thai:DCH007,0.023903,-0.411289,-0.042238,-0.043282,0.095095,0.054105,-0.00658,-0.004846,-0.017385,-0.006378,-0.01153,-0.003747,-0.006244,0.000413,-0.002443,-0.009546,-0.000391,-0.003421,-0.005028,-0.010505,0.005241,0.006554,0.001725,-0.001205,0.005149
Htin_Mal:TN105,0.002276,-0.420429,-0.072407,-0.041667,0.140334,0.059683,-0.009635,-0.000923,-0.008795,-0.014397,0.057486,0.004046,-0.011893,0.00812,0.003664,-0.005171,0.002999,0.002027,-0.000754,0.015632,-0.007487,0.017559,-0.006286,0.002048,0.035446
Htin_Mal:TN106,0.012521,-0.407227,-0.059585,-0.040698,0.131717,0.059683,-0.00329,-0.006231,-0.01309,-0.016583,0.055374,0.004796,-0.008771,0.004679,0.001221,0.000398,0.002347,-0.004687,0.000377,0.014257,-0.014974,0.021021,-0.007888,-0.00012,0.040835
Mongola:HGDP01223,0.033009,-0.417383,0.038466,-0.052649,0.005539,-0.006972,0.008225,0.008077,-0.002454,0.002734,-0.062032,-0.00015,0.00773,-0.006881,-0.001764,-0.001326,-0.002217,-0.00076,0.001131,0.002626,0.001248,-0.005317,-0.000123,0.00241,-0.001197
Mongolian:mongol119,0.05122,-0.330047,0.066373,-0.024871,-0.046778,-0.029284,0.014571,0.018692,0.001432,0.004009,-0.035076,-0.006894,0.002379,-0.001101,0.004479,0.001989,-0.008084,-0.000507,0.003897,0.015507,-0.024831,-0.010263,-0.017255,0.001205,0.004071
CHN_Amur_River_6320BP,0.029594,-0.443786,0.067505,-0.054587,-0.040931,-0.049364,0.01034,-0.004615,-0.004909,0.013121,-0.048879,-0.009741,-0.001635,0.007982,-0.008686,-0.008353,0.010822,0.003167,0.029413,0.017383,0.005989,-0.024731,-0.014543,-0.001928,-0.011855
CHN_Yellow_River_LBIA,0.01935,-0.4468328,0.0097298,-0.0624682,0.0519482,0.0227016,0.00611,0.0024,-0.0134574,0.0046288,-0.0819736,-0.0089022,0.009544,-0.0082574,-0.0056188,-0.002095,0.0014602,0.0022552,-0.0039972,-0.0096546,0.0139754,0.0101396,0.0114128,-0.0056634,0.0016044
CHN_Xitoucun_N,0.0085365,-0.431092,-0.037335,-0.058786,0.125562,0.0496425,0.0001175,-0.011538,-0.0223955,-0.013759,0.015995,0.0044235,0.003865,-0.001514,0.0068535,0.0021215,-0.000326,0.0041805,0.0024515,-0.0123805,0.018842,-0.017435,0.0094285,-0.0102425,-0.024369
Yamnaya_RUS_Samara,0.1255849,0.089028,0.0426986,0.1153479,-0.0287232,0.0450564,0.0036033,-0.0025642,-0.0559032,-0.0728943,0.0018222,3.34e-05,-0.0026924,-0.0233041,0.0366141,0.0157633,-0.0012316,-0.0017879,-0.0038408,0.0137704,-0.0031749,0.0007557,0.0110649,0.0186102,-0.004537
LAO_Hoabinhian,-0.025041,-0.224432,-0.11917,0.087856,0.022466,-0.001952,-0.003055,0.01223,0.060539,0.018406,0.012829,0.001199,-0.000446,0.006055,-0.007872,-0.006364,-0.00352,-0.00076,-0.005531,0.023386,0.006988,0.013107,-0.017131,-0.001325,0.003712
IRN_Shahr_I_Sokhta_BA2:I11466,0.050082,-0.026404,-0.162916,0.08398,-0.109251,0.053547,0.010575,-0.005538,0.003272,0.018406,-0.005359,0.012289,-0.008028,-0.01101,0.009908,0.02559,0.008605,0.004434,0.001006,-0.018259,0.006613,-0.013107,0.004314,-0.001205,0.008502
CHN_Yellow_River_MN,0.0166182,-0.4441924,0.0136518,-0.0588506,0.0390226,0.0112114,0.0082252,0.0014306,-0.0015546,0.0055034,-0.092269,-0.01106,0.0142414,-0.0075692,-0.0129476,-0.0003978,0.0051112,-0.0020522,-0.0057318,-0.0019008,0.0136762,0.015704,0.0105996,-0.002458,0.0122624
CHN_Upper_Yellow_River_LN,0.0170734,-0.4421616,0.022778,-0.0515508,0.0196344,-0.0039602,0.0089774,0.0057692,-0.0035588,0.0106792,-0.0916846,-0.0111202,0.0117144,-0.0013762,-0.0077904,-0.0013258,-0.0005476,-0.0033952,-0.0051536,0.0010756,0.0009234,0.0163468,0.0057188,0.0008918,0.025794
Malay:SGVP00063,0.015935,-0.41332,-0.042615,-0.042313,0.104019,0.047133,0.000705,-0.007846,-0.013294,-0.016219,0.018675,0.003897,0.004608,-0.003303,0.00095,-0.001856,-0.001956,0.00228,0.002011,-0.004252,0.000873,-0.001855,-0.00037,0.001205,-0.010059
Malay:SGVP00089,0.004553,-0.384886,-0.080704,-0.028424,0.128639,0.054941,0.000705,-0.002077,-0.010226,-0.014761,0.065443,0.005845,-0.005352,0.009634,0.007057,-0.002121,-0.010952,-0.002407,0.005782,0.003752,-0.012977,-0.004822,-0.012695,-0.001807,-0.003952
Indonesian_Java:GRC10041220,0.009106,-0.406212,-0.081081,-0.03876,0.143719,0.07028,0.00094,-0.013615,-0.014521,-0.019864,0.092074,0.005695,-0.006392,0.006193,0,0.008486,0.004433,-0.003674,0.002137,0.014382,-0.013851,-0.002473,-0.011092,-0.002771,0.016406
Indonesian_Java:GRC10041221,0.011382,-0.405196,-0.07731,-0.032623,0.145258,0.064982,0,-0.008769,-0.008795,-0.011481,0.079246,0.017235,-0.01442,0.011147,0.004343,-0.005967,-0.007823,0.000887,-0.002891,0.016633,-0.004991,0.007048,-0.009244,-0.004579,0.023471
Igorot:GS000019908,0.01935,-0.450895,-0.049026,-0.0646,0.141565,0.060519,-0.003995,-0.014076,-0.027815,-0.020228,0.043845,0.002248,-0.011298,-0.00812,0.009229,0.009944,-0.002868,0.011275,0.01345,-0.017884,0.005615,-0.0413,-0.002588,-0.010724,-0.07664
Dutch:GSM1633981,0.12862,0.137096,0.067127,0.049096,0.050471,0.012829,0.00517,0.006692,0.006136,0.00492,0.004222,0.002997,-0.012339,-0.006331,0.019408,0.009812,-0.001695,-0.00038,-0.005656,0.007879,0.004492,0.002349,-0.000863,0.01217,-0.003473
Russian_Smolensk:SM256_russian_Smolensk,0.133173,0.114755,0.070144,0.0646,0.038469,0.023706,0.014571,0.014538,0.001432,-0.021322,-0.00682,-0.004346,0.018583,0.033167,-0.004207,-0.008486,-0.000522,0.004434,0.001383,-0.001876,-0.002995,-0.001731,0.006655,-0.007953,-0.003353
Turkish_Balikesir:TDP_Balikesir01,0.095611,0.037575,-0.003017,-0.031331,-0.016926,-0.004462,0.012926,-0.003231,-0.021066,0.000364,-0.006171,0.001499,-0.003122,0.006606,-0.008415,0,-0.00339,-0.001014,0.005405,0,-0.000499,-0.006183,0.004437,-0.007712,-0.000838
Turkish_Deliorman:Turkish_Eskicuma1,0.111547,0.092413,0.020365,0.00323,0.013541,0.003626,0.00235,0.003231,-0.003068,0.002916,-0.001137,-0.007194,0.013974,-0.000826,-0.006107,0.003447,0.013821,0.005194,0.003645,0.000125,0.007861,-0.005688,-0.001602,0.003133,0.000239
Greek_Dodecanese:673,0.110408,0.139128,-0.015085,-0.035853,0.000923,-0.009482,0.00423,-0.001154,-0.005522,0.017859,0.002598,0.002698,-0.010406,-0.007707,-0.020087,-0.005436,0.010691,0.00228,0.002765,-0.003252,-0.008111,0.001607,-0.001602,-0.008194,-0.006107
Greek_East_Macedonia_and_Thrace:MAK147,0.122929,0.137096,0.018102,-0.005814,0.028621,-0.006693,0.00752,0.003231,0.001432,0.006925,0.000812,-0.005995,0.004162,0.012248,-0.019815,-0.005038,-0.002217,-0.002534,0.006788,0.001751,-0.011605,0.005317,-0.000246,-0.00482,-0.000718
Tunisian_Berber_Matmata:MAT_1,-0.020488,0.14319,-0.004903,-0.073644,0.02462,-0.031515,-0.020446,0.002077,0.065039,0.032438,0.004547,-0.004946,0.02215,-0.016377,0.012486,-0.019093,-0.009257,-0.015456,-0.040349,0.005753,-0.00836,-0.033881,0.015776,-0.008435,0.006107
Tunisian_Berber_Matmata:MAT_10,-0.030732,0.13405,-0.008297,-0.08075,0.022466,-0.031236,-0.028906,0.006231,0.058494,0.028976,-0.003248,-0.008542,0.022596,-0.021194,0.018729,-0.009679,0.00678,-0.017736,-0.040475,0.007253,-0.014849,-0.032644,0.031305,0.00241,-0.000718
Tibetan_Shigatse:T80,0.022765,-0.410274,0.000754,-0.037468,0.017234,0.006136,0.000235,0.006231,0.0045,0.010023,-0.095484,-0.010491,0.013974,-0.012937,-0.013572,0.001326,0.001173,0.004054,-0.000377,0.010005,0.00025,0.023989,0.002835,-0.001325,0.033889
Tibetan_Xinlong:XL05,0.025041,-0.432616,0.004903,-0.038114,0.013233,0.004183,0.00893,0.002538,0.007363,0.009476,-0.084442,-0.01079,0.018137,0.000826,-0.013572,-0.007558,0.004563,-0.008868,-0.010433,0.003126,-0.001248,0.028193,0.000246,-0.006025,0.040954
Telugu:HG03718.SG,0.0387,-0.097491,-0.179887,0.124356,-0.077553,0.071954,0.00188,0.008307,0.042541,0.028611,-0.004709,-0.003147,0.001041,0.001101,-0.011265,-0.007425,0.01708,-0.000253,-0.001885,0.006878,0.007736,0.002226,0.002342,0,-0.008023
Telugu:HG03720.SG,0.040976,-0.098506,-0.169327,0.118219,-0.079092,0.067213,-0.00705,0.01223,0.051131,0.037723,-0.009419,-0.001049,0.004311,0.009083,-0.011265,-0.005304,-0.001043,0.001394,0.000628,-0.002626,0.004617,0.006677,-0.001849,0.001084,-0.003592
Iranian_Persian_Shiraz:SHII20,0.094473,0.105615,-0.07203,-0.027132,-0.046162,-0.006136,0.001175,-0.009692,-0.038246,-0.017312,0.00341,-0.004646,0,-0.004679,0.004614,0.013259,-0.010691,0.002534,0.004399,-0.004877,0.008984,-0.001855,-0.002095,-0.005061,0.00479
Iranian_Persian_Shiraz:SHII25,0.075123,0.094444,-0.078441,-0.035207,-0.042162,-0.007809,0.00799,-0.002769,-0.026793,-0.022051,0.000487,-0.007943,0.00996,-0.003716,0.0019,0.025988,-0.006258,0.008742,0.000377,0.003126,0.004492,0.004451,-0.001849,-0.004338,0.009819
Punjabi_Lahore:HG02792.SG,0.043253,-0.080227,-0.14934,0.124033,-0.067397,0.064703,-0.00423,0.011307,0.047245,0.029158,-0.001299,0.002548,-0.004757,0.005367,0.003257,-0.005038,0.007562,-0.001394,-0.001383,0.009505,0.005116,-0.003215,-0.000616,0.008917,-0.006347
Punjabi_Lahore:HG02793.SG,0.045529,-0.078196,-0.166687,0.11402,-0.067089,0.06275,-0.001175,0.017307,0.048268,0.029704,-0.003573,0.004346,-0.004608,0.007294,-0.005429,-0.015646,-0.004824,0.003041,0.001634,-0.001376,0.003119,0.004328,0.008134,-0.002651,-0.003592
Syrian:Ber10AH252,0.081953,0.126941,-0.052043,-0.056525,-0.023081,-0.012829,-0.00329,-0.001615,-0.001432,-0.005649,0.001786,-0.002997,0.003271,-0.003441,-0.0019,0.022142,0.008214,0.012289,0.005908,0.001501,-0.00861,0.002597,-0.001109,0.005904,-0.001676
Syrian:Ber12AG184,0.08992,0.117801,-0.038466,-0.057494,-0.020004,-0.011156,-0.002585,-0.011076,-0.020043,0.008565,-0.001299,-0.001349,0.000297,0.005092,-0.000136,-0.016706,-0.009779,-0.000127,-0.001006,0.000125,0.007736,0.002844,-0.000616,-0.003976,-0.000599
Onge:ONG-11,-0.022765,-0.24068,-0.130107,0.104006,0.032621,-0.000279,-0.00611,0.009,0.052563,0.025513,0.022897,0.004946,-0.004014,0.00812,-0.013843,-0.008221,0.011213,-0.001267,-0.009427,0.029639,-0.005241,0.013107,-0.012078,0.002651,0.005868
Onge:ONG-12,-0.025041,-0.245758,-0.136518,0.094316,0.026466,-0.005578,-0.011751,0.009461,0.058289,0.028793,0.023546,0.001499,-0.002527,0.008808,-0.012486,-0.012066,0.009127,0.001394,-0.002765,0.025512,-0.005241,0.016817,-0.008011,0.000482,0.007544
Papuan:HGDP00540,-0.048944,-0.242712,-0.267756,0.312665,0.204654,-0.520131,-0.00188,0.007154,-0.039064,-0.009659,-0.020461,0.003147,-0.001784,-0.004679,0.000814,0.002784,0,-0.0019,0.000628,-0.003001,0.006489,-0.00136,0.000986,0.002771,0.002874
Papuan:HGDP00541,-0.045529,-0.241696,-0.257196,0.303944,0.207423,-0.497262,-0.000705,0.007615,-0.040496,-0.011116,-0.017213,-3e-04,0.004162,-0.004679,-0.000136,-0.000796,-0.000261,-0.001014,-0.004399,0.002376,0.000374,-0.000124,0.001849,0.006025,-0.001676

Yi:HGDP01180,0.021626,-0.442771,-0.008297,-0.049419,0.051394,0.019522,0.00282,-0.002077,-0.011862,0.005649,-0.068853,-0.008243,0.00996,-0.006468,-0.004886,0,0.002086,-0.002534,-0.011564,0.004502,0.007612,0.024483,0.012325,0.000482,0.027902
Yi:HGDP01181,0.020488,-0.437693,-0.009051,-0.044251,0.053548,0.016733,0.000235,-0.002077,-0.000614,0.001458,-0.063494,-0.005995,0.013974,-0.003853,-0.010586,-0.005967,-0.001695,0.002154,-0.004148,-0.000625,0.005241,0.023989,0.007765,0.004097,0.030656
Yoruba:HGDP00944,-0.628304,0.061947,0.021496,0.01615,-0.001539,0.003347,-0.042067,0.049152,-0.050108,0.030616,-0.000974,0.003897,0.023191,-0.006468,0.00475,-0.004773,0.005737,-0.007601,0.00729,-0.002876,0.004991,0.000495,-0.006409,0.002771,-0.005029
Yoruba:NA18486,-0.627165,0.060932,0.019987,0.01615,0.001539,0.017849,-0.043947,0.043152,-0.050722,0.029522,0.006008,0.001199,0.01888,-0.00055,0.011672,-0.012729,0.00665,0.002027,0.008296,-0.007629,0.004617,0.007172,-0.000863,-0.003253,0.004191
Yoruba:NA18487,-0.627165,0.066009,0.021496,0.015181,0.002462,0.01255,-0.050292,0.05169,-0.046836,0.031891,0.005359,-0.003447,0.027651,0.00234,0.015472,-0.011005,0.006258,-0.002027,0.005028,0.001751,-0.001622,-0.000124,-0.000986,0.001205,0.002155
Yoruba:NA18488,-0.63058,0.067025,0.020742,0.01615,0.001846,0.01506,-0.047002,0.050998,-0.052563,0.035172,0.004384,0.004946,0.025124,0.001376,0.013843,-0.007027,0.009909,0.004307,0.007668,-0.002126,-0.000374,0.000742,-0.001972,-0.002048,-0.002994
Bantu_Kenya:S_BantuKenya-1.DG,-0.602124,0.059916,0.015085,0.010659,-0.000308,0.008646,-0.015041,0.02423,0.001841,-0.022233,-0.002436,0.015436,-0.031665,0.002064,-0.037052,0.027711,-0.015385,-0.006334,-0.013827,0.007504,0.003619,-0.004204,-0.001479,-0.000361,0.002395
Bantu_S.E.:KSP175,-0.629442,0.062963,0.023381,0.019057,-0.004616,0.008367,0.027731,-0.011999,-0.020043,0.012028,0.003897,-0.006894,-0.007284,-0.000275,-0.010993,0.005569,0,0.060557,-0.026899,0.003627,-0.00287,-0.003091,0.003451,0.000723,0.001796
Dinka:B_Dinka-3,-0.577083,0.051792,-0.001886,-0.006137,-0.005539,-0.003626,-0.015041,0.018922,0.077719,-0.096767,-0.025008,0.019183,-0.040882,-0.001789,0.008822,-0.015911,0.021644,-0.009755,0.022877,-0.025262,0.001622,0.002844,-0.001109,0.003856,0.006466
Dinka:Dinka1,-0.574807,0.045699,0,-0.007429,-0.00277,0.002231,-0.020211,0.020538,0.086105,-0.09859,-0.016076,0.027575,-0.039395,-0.001239,0.011808,-0.02559,0.01343,-0.013049,0.028911,-0.024262,0.003993,0.001237,0.008011,0.005422,0.009939
Dusun:Dusun21,0.010244,-0.418398,-0.067505,-0.037791,0.145258,0.066934,-0.001645,-0.007384,-0.009408,-0.016037,0.06934,0.01079,-0.009068,0.003853,0.006786,-0.000133,-0.000782,0.002534,0.004022,0.003627,-0.012478,-0.021145,-0.017131,0.000843,-0.032332
Dusun:Dusun22,0.012521,-0.437693,-0.071653,-0.050711,0.164338,0.071396,-0.006815,-0.01523,-0.022089,-0.021686,0.084117,0.003897,-0.007433,-0.003165,0.016558,0.005436,-0.002738,0.010008,0.009553,-0.004752,-0.011979,-0.032026,-0.012202,-0.006266,-0.053169
Eskimo_Naukan:Nesk19,0.044391,-0.364575,0.116153,0.049419,-0.116329,-0.041276,-0.1121,-0.12161,0.009408,-0.011845,0.028905,-0.005695,0.010852,-0.01913,-0.027008,-0.011668,0.001434,0.012922,0.03243,0.015257,0.024457,-0.051069,0.012695,0.030366,0.043948
Eskimo_Naukan:Nesk8,0.048944,-0.362544,0.124073,0.038437,-0.114483,-0.04016,-0.099645,-0.125533,-0.000614,-0.011663,0.026469,-0.004796,0.015163,-0.010459,-0.024565,-0.00769,-0.007302,0.013302,0.03683,0.015257,0.030197,-0.05144,0.011216,0.027112,0.041074
Eskimo_Sireniki:Sir14,0.048944,-0.370668,0.122187,0.035853,-0.126793,-0.056615,-0.068388,-0.075689,0.007772,-0.007107,0.033127,-0.009591,0.005946,-0.021744,-0.036509,-0.024529,-0.010952,0.014442,0.037835,0.022011,0.02558,-0.066402,0.01972,0.030607,0.044786
Ethiopian_Ari_cultivator:ARI15,-0.409763,0.075149,-0.02489,-0.036499,0.000615,-0.025658,0.022796,-0.017307,0.112079,-0.083646,-0.012829,-0.003747,-0.012636,-0.001789,0.027008,-0.024927,0.022035,0.017863,0.006159,-0.012756,-0.002371,-0.001607,-0.007272,-0.000361,0.003233
Finnish_East:HG00361,0.127482,0.075149,0.089,0.089471,0.031698,0.019522,0.014336,0.016153,0.004704,-0.033714,0.002761,-0.009142,0.017988,0.00578,-0.000543,0.011005,0.015646,-0.004307,-0.001006,0.008504,0.010357,0.00272,0.001232,0.013014,0.002634
Finnish_North:GS000018756,0.127482,0.081242,0.095412,0.078166,0.032314,0.028168,0.002585,0.014076,0.007363,-0.029887,0.008282,-0.005245,0.016799,0.009221,0.005565,-0.003447,-0.01369,0.003167,-0.004651,0,0.00861,0.00136,-0.00037,0.008073,0.002994
Mayan:HGDP00862,0.062603,-0.272162,0.107479,0.083011,-0.095402,-0.013666,-0.258747,-0.311295,-0.015748,-0.013303,-0.004872,-0.004496,0.001338,0.020919,-0.005972,0.006497,0.014473,0,-0.004902,-0.003252,0.000749,0.000495,-0.004067,0.003735,0.005748
Mayan:HGDP00864,0.052359,-0.295519,0.108234,0.09367,-0.109867,-0.014502,-0.276373,-0.329294,-0.012271,-0.018953,0.002923,0.003747,-0.000446,0.021332,-0.009229,0.002917,0.00665,-0.001647,-0.004022,5e-04,-0.001872,0.008656,0.002958,0.001446,0.001437
Mbuti:A_Mbuti-5.DG,-0.646515,0.05687,0.029038,0.03876,-0.001231,0.003626,0.371787,-0.297449,0.012271,0.03098,-0.006983,0.222552,0.125916,-0.001514,0.017644,-0.005038,0.001434,-0.05777,0.006159,-0.002501,0.009733,0.004699,-0.005546,-0.005181,0.000958
Mbuti:B_Mbuti-4.DG,-0.654483,0.061947,0.026021,0.031331,0.001846,0.00753,0.345466,-0.278065,0.020248,0.025695,-0.00747,0.208315,0.12205,0.006881,0.008279,-0.003447,0.009648,-0.045355,0.016215,0.008254,0.00861,0.004946,-0.015406,0.006386,-0.006107

Amerindian_North:AN1,0.052359,-0.328016,0.109742,0.073644,-0.104635,-0.016733,-0.202344,-0.242528,-0.002659,-0.015672,0.00682,-0.004946,0.005649,0.000413,-0.014658,-0.002652,-0.000261,0.005828,0.01257,0.006378,0.002371,-0.009892,-0.00419,0.005784,0.007305
Amerindian_North:AN2,0.054635,-0.324969,0.115022,0.08398,-0.108636,-0.023427,-0.207514,-0.238144,-0.006136,-0.019317,0.007795,-0.003747,0.00892,0.000138,-0.015879,-0.005436,0.000522,0.003547,0.012696,0.008629,0.002496,-0.015457,0.00456,0.010242,0.013412
Amerindian_North:AN3,0.053497,-0.325985,0.109365,0.078812,-0.108943,-0.01757,-0.195999,-0.236067,-0.002454,-0.023326,0.013316,-0.003897,0.009366,0.006468,-0.016286,-0.005569,-0.005215,0.003294,0.009427,0.009755,0.00836,-0.011994,0.004067,0.004458,0.010777
Amerindian_North:AN4,0.05122,-0.333094,0.11389,0.073321,-0.102481,-0.015897,-0.187538,-0.222452,-0.003681,-0.022233,0.005196,-0.001049,0.001635,-0.006744,-0.013708,-0.004375,0.002868,0.00038,0.011313,0.004627,0.002246,-0.005688,0.006409,0.004338,0.005628




CHN_Amur_River_6320BP,0.029594,-0.443786,0.067505,-0.054587,-0.040931,-0.049364,0.01034,-0.004615,-0.004909,0.013121,-0.048879,-0.009741,-0.001635,0.007982,-0.008686,-0.008353,0.010822,0.003167,0.029413,0.017383,0.005989,-0.024731,-0.014543,-0.001928,-0.011855
CHN_Yellow_River_LBIA,0.01935,-0.4468328,0.0097298,-0.0624682,0.0519482,0.0227016,0.00611,0.0024,-0.0134574,0.0046288,-0.0819736,-0.0089022,0.009544,-0.0082574,-0.0056188,-0.002095,0.0014602,0.0022552,-0.0039972,-0.0096546,0.0139754,0.0101396,0.0114128,-0.0056634,0.0016044
CHN_Xitoucun_N,0.0085365,-0.431092,-0.037335,-0.058786,0.125562,0.0496425,0.0001175,-0.011538,-0.0223955,-0.013759,0.015995,0.0044235,0.003865,-0.001514,0.0068535,0.0021215,-0.000326,0.0041805,0.0024515,-0.0123805,0.018842,-0.017435,0.0094285,-0.0102425,-0.024369
Yamnaya_RUS_Samara,0.1255849,0.089028,0.0426986,0.1153479,-0.0287232,0.0450564,0.0036033,-0.0025642,-0.0559032,-0.0728943,0.0018222,3.34e-05,-0.0026924,-0.0233041,0.0366141,0.0157633,-0.0012316,-0.0017879,-0.0038408,0.0137704,-0.0031749,0.0007557,0.0110649,0.0186102,-0.004537
LAO_Hoabinhian,-0.025041,-0.224432,-0.11917,0.087856,0.022466,-0.001952,-0.003055,0.01223,0.060539,0.018406,0.012829,0.001199,-0.000446,0.006055,-0.007872,-0.006364,-0.00352,-0.00076,-0.005531,0.023386,0.006988,0.013107,-0.017131,-0.001325,0.003712
IRN_Shahr_I_Sokhta_BA2:I11466,0.050082,-0.026404,-0.162916,0.08398,-0.109251,0.053547,0.010575,-0.005538,0.003272,0.018406,-0.005359,0.012289,-0.008028,-0.01101,0.009908,0.02559,0.008605,0.004434,0.001006,-0.018259,0.006613,-0.013107,0.004314,-0.001205,0.008502
CHN_Yellow_River_MN,0.0166182,-0.4441924,0.0136518,-0.0588506,0.0390226,0.0112114,0.0082252,0.0014306,-0.0015546,0.0055034,-0.092269,-0.01106,0.0142414,-0.0075692,-0.0129476,-0.0003978,0.0051112,-0.0020522,-0.0057318,-0.0019008,0.0136762,0.015704,0.0105996,-0.002458,0.0122624
CHN_Upper_Yellow_River_LN,0.0170734,-0.4421616,0.022778,-0.0515508,0.0196344,-0.0039602,0.0089774,0.0057692,-0.0035588,0.0106792,-0.0916846,-0.0111202,0.0117144,-0.0013762,-0.0077904,-0.0013258,-0.0005476,-0.0033952,-0.0051536,0.0010756,0.0009234,0.0163468,0.0057188,0.0008918,0.025794
Australian:B_Australian-4,-0.040976,-0.237634,-0.214582,0.234176,0.135718,-0.33439,-0.003525,0.008538,-0.010431,0.003098,-0.004872,0.002398,0.00223,-0.000138,-0.00285,0.00053,0.011343,0.005068,-0.002263,0.008879,0.000374,-0.000742,-0.00493,0.005302,-0.002275
Wales_N,0.12236,0.1675625,0.0494025,-0.0421515,0.0829385,-0.0207775,-0.003995,-0.000808,0.0583915,0.085013,-0.002111,0.0109405,-0.031665,-0.0063305,-0.0109935,-0.00716,0.0065845,0.002217,-0.0023885,-0.004752,0.014911,0.006677,-0.0162075,-0.0409095,-0.001916
CHN_Longlin_10500BP,0.002276,-0.329032,-0.067505,0.023902,0.05201,0.021753,0.006815,-0.014307,0.027406,0.010934,0.005359,0.016935,0.00223,0.007569,-0.005157,-0.006895,0.009388,0.008615,-0.004022,0.017633,-0.003993,0.020279,-0.011955,-0.001325,0.010538
