Irish:Irish61,0.140002,0.139128,0.06675,0.048127,0.037853,0.013387,-0.001175,0.010846,-0.000409,0.002734,-0.005521,-0.001049,-0.00892,-0.01445,0.029723,0.005569,-0.006258,0.000507,-0.000503,-0.001626,0.000374,-0.004822,0.001109,0.024341,0.002634
Irish:Irish62,0.134311,0.136081,0.058454,0.049419,0.038161,0.018128,-0.00094,0.008307,-0.001636,0.004191,-0.00747,0.007493,-0.015312,-0.021744,0.031894,0.013657,0.007432,-0.006714,0.00817,0.004877,0.011854,0.006925,-0.000863,0.01928,0.002275
Lahu:25651709241968,0.015935,-0.435662,-0.033187,-0.059755,0.106174,0.050758,0.0094,-0.014538,-0.00859,-0.003462,-0.004547,0.00015,-0.000892,-0.004404,0.00285,-0.005569,0.001043,-0.007221,-0.005908,-0.007629,-0.006364,0.021268,0.012202,0.012411,0.02874
Mon:MO619,0.013659,-0.401134,-0.045632,-0.049096,0.097557,0.054384,0.000235,-0.003923,-0.010226,0.000182,0.011367,-0.003597,-0.000892,0.005092,-0.000679,0.00411,0.003651,-0.002407,-0.005028,0.003627,-0.004118,0.014715,0.003328,-0.003012,0.020597
Mongol_IMAR:73711809187856,0.039838,-0.385901,0.049026,-0.040375,-0.012618,-0.011992,0.0094,0.010615,-0.00409,0.006925,-0.045469,0.00015,0.00223,0.004129,0.000814,-0.002254,-0.005867,0.002154,-0.006159,0.000875,-0.00861,0.002597,-0.000986,-0.005181,0.002275
Mongol_Inner_Mongolia:17671809290603,0.03187,-0.400119,0.047894,-0.043605,-0.00677,-0.006693,0.00658,0.013615,-0.006749,0.006925,-0.05505,-0.01169,0.007136,0.004266,-0.012758,-0.011535,-0.004172,0.004054,0.00264,5e-04,0.002246,0.000989,0.003451,-0.005663,0.003353
Mongol_Xinjiang:15851809198524,0.05122,-0.30669,0.058077,-0.018411,-0.048009,-0.017291,0.013161,0.020768,0.000205,0.003645,-0.02176,-0.002997,-0.001338,-0.000413,0.011536,0.007425,0.007562,-0.002027,-0.006536,0.005753,-0.00836,-0.001484,-0.006162,-0.00241,0.002874
Htin_Mal:TN105,0.002276,-0.420429,-0.072407,-0.041667,0.140334,0.059683,-0.009635,-0.000923,-0.008795,-0.014397,0.057486,0.004046,-0.011893,0.00812,0.003664,-0.005171,0.002999,0.002027,-0.000754,0.015632,-0.007487,0.017559,-0.006286,0.002048,0.035446
Htin_Mal:TN106,0.012521,-0.407227,-0.059585,-0.040698,0.131717,0.059683,-0.00329,-0.006231,-0.01309,-0.016583,0.055374,0.004796,-0.008771,0.004679,0.001221,0.000398,0.002347,-0.004687,0.000377,0.014257,-0.014974,0.021021,-0.007888,-0.00012,0.040835
Mongola:HGDP01223,0.033009,-0.417383,0.038466,-0.052649,0.005539,-0.006972,0.008225,0.008077,-0.002454,0.002734,-0.062032,-0.00015,0.00773,-0.006881,-0.001764,-0.001326,-0.002217,-0.00076,0.001131,0.002626,0.001248,-0.005317,-0.000123,0.00241,-0.001197
Mongolian:mongol119,0.05122,-0.330047,0.066373,-0.024871,-0.046778,-0.029284,0.014571,0.018692,0.001432,0.004009,-0.035076,-0.006894,0.002379,-0.001101,0.004479,0.001989,-0.008084,-0.000507,0.003897,0.015507,-0.024831,-0.010263,-0.017255,0.001205,0.004071
Kinh_Vietnam:HG01600,0.018212,-0.442771,-0.0445,-0.055879,0.118791,0.05271,0.000705,-0.013846,-0.015748,-0.009659,-0.000974,-0.005095,0.000595,-0.01156,-0.007329,0.003315,0.003651,0.010135,0.003268,-0.009505,0.012852,0.004328,0.01479,0.009519,-0.007544
Korean:Korean17,0.017073,-0.458004,0.024513,-0.066538,0.037238,0.009761,0.00423,0.008769,-0.004909,0.00656,-0.082818,-0.009442,0.005352,-0.009083,-0.012486,-0.003315,0.00013,0.001394,-0.004777,-0.008129,0.012852,-0.006677,0.009244,0.002048,-0.015088
Zhuang:Zhuang05,0.022765,-0.450895,-0.037712,-0.064923,0.113867,0.054941,0.001645,-0.001154,-0.01718,-0.005285,-0.011367,-0.000899,0.00446,-0.004817,-0.001357,0.001591,-0.000652,-0.006081,0.001257,-0.009379,0.018842,0.00915,0.013927,0,-0.002754
Zhuang:Zhuang06,0.014797,-0.44988,-0.034318,-0.064277,0.11356,0.063587,-0.00611,-0.005077,-0.017794,-0.005103,-0.00341,-0.004346,-0.00223,-0.005505,0.000407,0,-0.009518,-0.00038,-0.003394,-0.002251,0.015972,-0.000371,0.024526,0.001807,0.011256
Zhuang:Zhuang07,0.014797,-0.44988,-0.035826,-0.075259,0.124331,0.054663,0.00047,-0.012923,-0.015135,-0.011845,0.003085,0.001349,0.004757,-0.00812,-0.005565,0.001193,-0.004172,0,-0.004274,-0.018009,0.018218,0.006925,0.022801,-0.002651,0.001796
Zhuang:Zhuang08,0.017073,-0.446833,-0.032432,-0.061693,0.101865,0.051316,0.00752,-0.005307,-0.018816,-0.009841,-0.005521,-0.000899,-0.002676,-0.009771,-0.004479,0.002917,0.004303,-0.006841,-0.000126,-0.003877,0.00861,0.011376,0.016515,0.002289,-0.005269
Indonesian_Java:GRC10041224,0.012521,-0.401134,-0.079572,-0.034561,0.147104,0.064703,-0.007755,-0.014076,-0.004909,-0.018224,0.08428,0.012139,-0.006987,0.003578,0.006515,0.001724,0.001565,-0.001394,0.005405,0.013131,-0.015597,0.001113,-0.011585,0.003494,0.026944
Indonesian_Java:GRC10041225,0.011382,-0.395041,-0.078064,-0.026163,0.138795,0.06777,-0.012221,-0.015692,-0.010226,-0.027153,0.088339,0.012739,-0.004757,0.006331,0.003122,0.005569,-0.001173,-0.004181,0.003771,0.014382,-0.013227,0.005688,-0.015283,0.007712,0.016885
LAO_LN_BA,0.005691,-0.40215,-0.083721,-0.034561,0.15049,0.078089,-0.002585,-0.012692,-0.006136,-0.018588,0.089801,0.004346,-0.012785,0.010184,0.003393,-0.005701,-0.002477,0.0019,-0.00088,0.026388,-0.016845,0.02201,-0.011955,0.001325,0.039038
Ami:NA13613,0.014797,-0.452926,-0.054682,-0.068799,0.144642,0.066097,-0.00235,-0.017999,-0.027815,-0.01549,0.049204,0.004796,-0.009514,0.002202,0.003393,0.002784,-0.005085,0.008995,0.01081,-0.020885,0.015597,-0.026585,0.001849,-0.009037,-0.054486
Atayal:NA13602,0.01935,-0.441755,-0.042615,-0.070414,0.132025,0.053547,-0.005875,-0.014307,-0.02577,-0.024055,0.039785,0.006145,-0.00446,0.007569,0.014386,0.007425,-0.000391,0.010262,0.007542,-0.008629,0.003494,-0.019413,-0.000493,-0.006386,-0.051732
Australian:B_Australian-4,-0.040976,-0.237634,-0.214582,0.234176,0.135718,-0.33439,-0.003525,0.008538,-0.010431,0.003098,-0.004872,0.002398,0.00223,-0.000138,-0.00285,0.00053,0.011343,0.005068,-0.002263,0.008879,0.000374,-0.000742,-0.00493,0.005302,-0.002275
Tai_Lue:TL316,0.026179,-0.430584,-0.038843,-0.060401,0.12587,0.055499,-0.002585,-0.006461,-0.014726,-0.013485,0.002111,-0.002398,0.001189,-0.003303,-0.001086,-0.001458,-0.001956,0.003801,0.001131,-0.015007,0.011105,0.006554,0.013434,0.004579,0.006107
Tai_Lue:TL319,0.014797,-0.404181,-0.042615,-0.042959,0.097557,0.054663,-0.00376,-0.000231,-0.011249,-0.002551,-0.000487,-0.002398,0.002081,-0.013762,-0.000814,0.000133,0.005215,0.001394,0.00088,-0.001,-0.001248,0.011376,0.020706,-0.000964,0.013172
Thai:CHI007,0.013659,-0.37473,-0.06675,-0.032623,0.094171,0.049364,-0.003055,0.003231,-0.008385,-0.006743,0.016401,3e-04,-0.002379,-0.000413,0.001629,-0.002254,0.002738,-0.004181,0.000377,0.005753,0.004492,0.008656,0.004683,0.004338,0.021794
Thai:CHI034,0.014797,-0.426522,-0.047517,-0.049419,0.125562,0.059125,-0.00141,-0.014999,-0.005318,-0.01221,0.027931,-0.002698,-0.004608,0,-0.000271,0.001061,0.007171,0.004181,0.005279,-0.002376,0.006239,-0.000866,0.001972,0.000964,0.00934
Thai:DCH010,0.023903,-0.356451,-0.068259,-0.017119,0.083708,0.056336,-0.00658,-0.005077,-0.001636,0.000182,0.024033,0.008542,-0.008028,0.002477,-0.004207,0.002652,0.001565,-0.002787,-0.001131,-0.006503,0.001622,0.011623,0.008134,0.00723,0.014969
Thai:DCH011,0.01935,-0.360513,-0.071653,-0.02261,0.08617,0.053547,-0.009165,-0.004154,-0.005522,-0.003098,0.021598,0.008393,-0.010852,0.000826,-0.001221,0.001458,-0.007562,-0.002534,-0.007793,-0.001626,0.003993,0.006306,0.003204,0.008073,0.021675
Thai:DCH012,0.018212,-0.368637,-0.067127,-0.02584,0.092633,0.052989,0.006815,-0.009923,-0.000818,-0.008565,0.02517,0.00015,-0.005203,0.001514,0.002443,0.002917,-0.007171,-0.008361,-0.013827,-0.001876,-0.009483,0.006059,-0.001849,-0.000482,0.013532
Wa:12471709222577,0.015935,-0.419414,-0.048649,-0.043282,0.103712,0.047969,0.00188,-0.007846,-0.006136,-0.009841,0.01088,0.005695,0,0.00055,-0.004207,-0.005304,0.002999,0.001267,-0.006034,0.008504,-0.018467,0.019043,-0.001602,0.001807,0.035925
Wa:14561709221482,0.012521,-0.430584,-0.041106,-0.039083,0.109867,0.049085,-0.00658,-0.003231,-0.006545,-0.008383,0.014615,-0.00015,0,-0.004129,-0.004072,-0.001061,-0.002477,0.004307,-0.003645,0.012881,-0.004617,0.024236,-0.002095,-0.006989,0.043589
Wa:15951709222764,0.017073,-0.418398,-0.04186,-0.044897,0.105866,0.044344,0.00423,-0.008769,-0.00634,-0.009841,0.017213,0.002548,-0.003568,0.00578,-0.001221,-0.004508,-0.001434,-0.00038,-0.008673,0.006878,-0.00574,0.025102,0.001232,0.001566,0.039877
Wa:21411709240011,0.011382,-0.420429,-0.050911,-0.039729,0.105866,0.049364,-0.002115,-0.008538,-0.008385,-0.010752,0.011692,0.001349,-0.006541,-0.001927,-0.002036,0.003845,0.006258,-0.002407,-0.006536,0.008629,-0.014599,0.023618,0.003328,0.010965,0.040715
Wa:33011709240419,0.007968,-0.424491,-0.0445,-0.056202,0.107712,0.051316,-0.007285,-0.006461,-0.013703,-0.010023,0.016401,0.003897,-0.002379,0.003441,0.003936,-0.00411,-0.001304,-0.002534,-0.00905,0.016883,-0.003868,0.017064,-0.005916,0.004097,0.037601
Wa:43851709222453,0.011382,-0.417383,-0.043746,-0.039729,0.098172,0.047411,0.00188,-0.005307,-0.000205,-0.008018,0.019974,0.007943,0.003419,-0.004817,-0.003664,0.003315,0.000522,-0.008868,-0.006034,0.003502,-0.006988,0.023247,0.000246,0.014701,0.049217

Tamil_Sri_Lanka:HG03696.SG,0.037562,-0.084289,-0.169327,0.113374,-0.080323,0.058009,0.00423,0.011076,0.041109,0.022597,-0.001137,-0.004346,0.000743,0.009083,-0.002172,-0.00358,0.000522,0.000887,0.002137,-0.001376,-0.001747,0.004081,0.002342,0.000241,-0.00479
Tamil_Sri_Lanka:HG03697.SG,0.039838,-0.08632,-0.16631,0.109498,-0.072013,0.062472,-0.005405,0.019384,0.042336,0.034625,0.001461,-0.002997,-0.004311,-0.004266,-0.004343,0.006497,0.014994,-0.002407,0.000126,0.005002,0.000873,-0.007296,0.003081,-0.011206,-0.006347
Tamil_Sri_Lanka:HG03698.SG,0.043253,-0.083273,-0.164802,0.114989,-0.07386,0.066097,-0.00235,0.004846,0.046836,0.033167,-0.000487,-0.003597,-0.001189,0.006331,-0.011265,-0.002784,0.001825,-0.004181,0.002891,-0.001501,-0.001497,-0.001484,-0.003944,0.005904,-0.003592
Tamil_Sri_Lanka:HG03711.SG,0.0387,-0.076165,-0.16631,0.108529,-0.079399,0.058288,-0.001175,0.010846,0.046018,0.02278,-0.008282,-0.002548,-0.004906,0.012661,-0.004886,-0.012994,-0.003781,-0.000887,0.002011,0.006128,0.000125,0.010387,-0.005053,-0.005663,-0.001676


Malay:SGVP00026,0.011382,-0.403165,-0.073916,-0.028424,0.140949,0.054941,-0.00611,-0.00923,-0.016975,-0.018224,0.074374,0.008842,-0.012042,0.006193,0.012351,-0.003845,-0.015516,0.002027,0.001257,-0.001751,-0.00836,-0.016693,-0.016638,-0.006507,-0.005868
Malay:SGVP00063,0.015935,-0.41332,-0.042615,-0.042313,0.104019,0.047133,0.000705,-0.007846,-0.013294,-0.016219,0.018675,0.003897,0.004608,-0.003303,0.00095,-0.001856,-0.001956,0.00228,0.002011,-0.004252,0.000873,-0.001855,-0.00037,0.001205,-0.010059
Malay:SGVP00089,0.004553,-0.384886,-0.080704,-0.028424,0.128639,0.054941,0.000705,-0.002077,-0.010226,-0.014761,0.065443,0.005845,-0.005352,0.009634,0.007057,-0.002121,-0.010952,-0.002407,0.005782,0.003752,-0.012977,-0.004822,-0.012695,-0.001807,-0.003952
Malay:SGVP00091,0.011382,-0.37473,-0.081835,-0.023579,0.130794,0.051595,-0.00705,-0.015461,-0.00859,-0.019317,0.07681,0.007044,-0.009514,0.000688,0.001764,0.009812,0.000391,0.000633,0.006034,0.007629,-0.017469,0.001607,-0.007395,-0.005904,0.012214
Malay:SGVP00120,0.01935,-0.353404,-0.081458,-0.016796,0.106789,0.062472,-0.003055,-0.001615,-0.006545,-0.009841,0.055862,0.007493,-0.013974,-0.001651,0.013979,0.004375,0.001825,-0.003294,-0.001634,0.005753,-0.010357,-0.003215,-0.008751,-0.000241,0.011376

Khmer:KHM126,0.002276,-0.396056,-0.086361,-0.019057,0.136333,0.066376,-0.00705,-0.004154,0.000614,-0.016401,0.075348,0.004046,-0.002973,0.009358,0.009093,0.007292,-0.006389,-0.00228,-0.004525,0.012881,-0.007362,0.008779,0,-0.003856,0.026704
Khmer:KHM138,0.018212,-0.399103,-0.078441,-0.02907,0.126485,0.057451,-0.015041,-0.004384,-0.00634,-0.012028,0.049528,0.009142,-0.004311,0.007432,0.002172,-0.003978,0.002868,-0.008361,-0.001508,0.007253,-0.005241,0.015828,-0.007025,0.01217,0.037961
Khmer:KHM204,0.012521,-0.395041,-0.075424,-0.027455,0.125254,0.068049,0.00094,-0.016384,-0.006954,-0.017859,0.074049,-0.000599,-0.001041,0.001376,0.008007,0.004243,0.008996,-0.004941,0.001006,0.007504,-0.017968,0.016569,-0.003574,0.007953,0.037003
Khmer:KHM210,0.015935,-0.381839,-0.079195,-0.024225,0.128024,0.063866,-0.00235,-0.008077,-0.0045,-0.01549,0.077459,0.003597,-0.00996,-0.001514,0.008007,-0.007558,0.000261,-0.000127,-0.002011,0.014507,-0.018218,0.015951,-0.002835,0.000241,0.034608
Khmer:KHM214,0.011382,-0.388948,-0.081081,-0.02907,0.131717,0.060798,-0.006815,-0.006231,-0.002659,-0.013485,0.070639,0.007793,-0.008622,0.000688,-0.004886,-0.008618,-0.000522,-0.007221,-0.002011,0.008504,-0.020963,0.005441,-0.001602,0.009519,0.04287
Khmer:KHM220,0.012521,-0.390979,-0.075801,-0.036499,0.122484,0.072233,-0.005405,-0.011999,-0.00634,-0.01057,0.060084,0.008243,-0.006987,0.005092,0.006922,-0.006895,0.004694,-0.004941,-0.00729,0.002251,-0.010731,0.008903,0.005669,0.002892,0.029698
Khmer:KHM226,0.007968,-0.386917,-0.085229,-0.026809,0.128024,0.063866,-0.0094,-0.009692,-0.008385,-0.01385,0.071126,0.002548,-0.007433,0.006055,0.002579,-0.008751,0.005215,-0.00076,-0.008799,0.004627,-0.01435,0.022257,-0.000986,0.004217,0.037601
Khmer:KHM230,0.012521,-0.379808,-0.081458,-0.02261,0.123408,0.057451,-0.008695,-0.022153,-0.001841,-0.012757,0.070964,0.014687,-0.008176,0.010322,0.002172,-0.00769,-0.012647,0.000127,-0.003645,0.004627,-0.016346,0.009274,-0.004437,0.00723,0.031374
Khmer:KHM234,0.006829,-0.388948,-0.083344,-0.020995,0.133871,0.069165,-0.00611,-0.009,0.006749,-0.016037,0.073237,0.012589,-0.009217,0.007982,0.004207,-0.006762,0.00326,-0.004941,-0.00264,0.018509,-0.015597,0.004575,-0.00456,0.005302,0.03365
Khmer:KHM236,0.011382,-0.38387,-0.075047,-0.026163,0.124639,0.066376,-0.00705,-0.016615,-0.006749,-0.009841,0.071451,0.005695,-0.00892,0.005505,0.004614,0.002519,0.001304,-0.002154,-0.001885,0.006628,-0.010357,0.007048,-0.012448,0.006627,0.029099
Igorot:GS000019966,0.020488,-0.448864,-0.048649,-0.066215,0.142488,0.061914,-0.00141,-0.014076,-0.030883,-0.027153,0.045794,0.003897,-0.009068,-0.000963,0.013029,0.009944,-0.000782,0.000887,0.01169,-0.013381,0.001497,-0.034746,-0.007641,-0.003976,-0.068976
Igorot:GS000020253,0.021626,-0.447848,-0.044123,-0.071383,0.141873,0.061356,-0.005875,-0.013615,-0.027202,-0.020228,0.047417,0.005095,-0.011596,0.001376,0.010586,0.002917,-0.005737,0.005828,0.011816,-0.015632,0.00262,-0.03759,-0.007395,-0.008194,-0.075562
Indonesian_Bali:GRC10041151,0.004553,-0.400119,-0.089378,-0.034561,0.141257,0.044065,-0.005875,-0.010153,-0.00859,-0.01057,0.080057,0.007343,-0.011744,-0.004266,0.010722,0.005304,-0.001695,-0.001774,0.00264,0.015257,-0.018467,-0.004204,-0.019843,-0.002771,0.011496
Indonesian_Bali:GRC10041153,0.020488,-0.388948,-0.083344,-0.026809,0.136949,0.055778,-0.00047,-0.010846,-0.008385,-0.018041,0.082331,0.009591,-0.007582,0.004404,0.003664,0.001591,0.00665,-0.00076,0,0.008629,-0.011979,0.000742,-0.004314,0.005302,0.021555
Indonesian_Bali:GRC10041154,0.006829,-0.390979,-0.071276,-0.027778,0.141565,0.05271,0,-0.010846,0,-0.007289,0.0734,0.009292,-0.009366,0.002202,-0.000271,-0.002387,-0.002868,0.006841,0.004902,0.006253,-0.008485,0.005935,-0.001479,-0.002651,0.00946
Indonesian_Bali:GRC10041155,0.007968,-0.397072,-0.081458,-0.033269,0.138795,0.056894,-0.00235,-0.011307,-0.010431,-0.021322,0.072263,0.005545,-0.008325,0.001376,0.002986,-0.005834,-0.003651,0.000633,0.002137,0.003377,-0.01435,0.003586,-0.010723,0.005181,0.009939
Indonesian_Bali:GRC10041157,0.005691,-0.399103,-0.082589,-0.026486,0.138795,0.068328,-0.00376,-0.012461,-0.009613,-0.01221,0.082006,0.005695,-0.005946,0.006055,-0.000679,-0.001193,-0.009779,0.003294,0.006662,0.008879,-0.013601,-0.008037,-0.015776,-0.005663,0.000718
Indonesian_Bali:GRC10041158,0.005691,-0.396056,-0.087492,-0.025194,0.143104,0.054384,-0.00423,-0.009692,-0.012067,-0.019317,0.072263,0.005995,-0.007284,0.000826,0.015472,0.004906,0.004172,-0.008742,-0.005154,-0.001751,-0.013851,0.006677,0,-0.004097,0.011376
Indonesian_Bali:GRC10041159,0.003415,-0.386917,-0.086738,-0.029716,0.140334,0.066376,0.00141,-0.009461,-0.016157,-0.017859,0.075673,0.009292,-0.003419,0.00523,0.001629,-0.004773,-0.00678,-0.002154,-0.000251,0.016383,-0.009109,-0.004575,-0.011462,0.002048,0.01437
Indonesian_Bali:GRC10041161,0.005691,-0.389963,-0.082212,-0.035853,0.145258,0.062193,-0.008225,-0.003461,-0.011249,-0.02041,0.084604,0.008692,-0.008622,0.003716,0.009229,-0.006232,-0.007562,0.000633,0.004651,0.008504,-0.008859,0.005564,-0.012078,0.001325,0.00946
Indonesian_Bali:GRC10041162,0.018212,-0.387932,-0.07731,-0.031008,0.140334,0.064982,-0.0094,-0.017538,-0.01084,-0.017859,0.092724,0.005395,-0.011298,0.006881,0.011401,0.012331,-0.002999,-0.003547,0.002388,0.010255,-0.0141,-0.002349,-0.007025,0.001807,0.016765
Indonesian_Bali:GRC10041165,0.014797,-0.404181,-0.080704,-0.031654,0.143411,0.063866,-0.00705,-0.016153,-0.011862,-0.026242,0.0911,0.007793,-0.010406,0.00289,0.009093,-0.00053,-0.000652,0.004687,-0.00264,0.004127,-0.013476,-0.004081,-0.013557,0.00723,0.012214
Indonesian_Bali:GRC10041166,0.009106,-0.391994,-0.077687,-0.029393,0.134179,0.057173,-0.007285,-0.00923,-0.005522,-0.022597,0.08428,0.011839,-0.011447,0.001651,0.007872,-0.000398,-0.000652,-0.002407,0.005405,0.007504,-0.005241,0.006306,-0.007148,0.002651,0.012813
Indonesian_Bali:GRC10041167,0.013659,-0.391994,-0.089378,-0.034561,0.141257,0.05773,-0.0047,-0.013384,-0.016157,-0.019135,0.086553,0.009591,-0.010258,0.00289,0.0057,-0.002387,0.003912,0.00076,0.003771,0.008379,-0.012977,0.004081,-0.011462,0.004458,0.012454
Indonesian_Bali:GRC10041168,0.014797,-0.387932,-0.089,-0.02584,0.139103,0.062472,-0.002585,-0.017538,-0.006954,-0.019499,0.082818,0.006744,-0.00446,0.010597,0.0076,0.003315,0.007041,-0.003294,-0.003897,0.007879,-0.014225,-0.001113,-0.020089,-0.004217,0.007424
Indonesian_Bali:GRC10041169,0.011382,-0.399103,-0.089,-0.032946,0.146181,0.054384,-0.005875,-0.008769,-0.005318,-0.021139,0.08769,0.003447,-0.012933,-0.001651,0.002172,0.013524,0.004303,0.00114,0.002514,0.014507,-0.018717,0.005193,-0.013188,-0.000482,0.011735
Indonesian_Bali:GRC10041170,0.006829,-0.391994,-0.082589,-0.029393,0.133871,0.061914,-0.00188,-0.011538,-0.016975,-0.026606,0.075835,0.004196,-0.000297,0.004129,0.003664,-0.000663,-0.008084,-0.001014,0.006411,0.004127,-0.011355,0.004204,-0.00949,0.001084,0.01449
Indonesian_Bali:GRC10041171,0.007968,-0.39301,-0.078441,-0.031977,0.145258,0.06275,-0.007285,-0.011076,-0.015748,-0.018224,0.087365,0.009142,-0.006392,-0.002752,0.0057,0.009414,0.002477,-0.004054,0.003771,0.004002,-0.006738,-0.005193,-0.011585,-0.002892,0.011256
Indonesian_Bali:GRC10041172,0.006829,-0.396056,-0.087115,-0.023579,0.144335,0.054105,-0.008225,-0.011769,-0.006545,-0.024602,0.069665,0.000899,-0.009812,0.005367,0.003257,0.001989,-0.006519,0.003294,-0.003017,0.004377,-0.016845,-0.002102,-0.010723,-0.000361,0.016046
Indonesian_Bali:GRC10041174,0.015935,-0.389963,-0.07995,-0.029393,0.13264,0.053547,-0.00658,-0.006692,-0.007158,-0.019135,0.090288,0.007493,-0.008771,0.006331,0.004479,0.00716,-0.000782,0.00114,0.00729,0.002751,-0.015597,-0.007666,-0.010846,-0.005422,0.008742
Indonesian_Bali:GRC10041175,0.003415,-0.395041,-0.086361,-0.033269,0.146797,0.057451,-0.00705,-0.006692,-0.007976,-0.020228,0.080382,0.014687,-0.005798,0.001376,0.013843,0.003182,-0.000782,0.002027,0.006536,0.001876,-0.013351,-0.000247,-0.005053,0.007109,0.005149
Indonesian_Java:GRC10041182,0.011382,-0.408243,-0.082589,-0.041344,0.148951,0.069444,-0.004465,-0.009461,-0.013703,-0.015672,0.076485,0.004796,-0.007136,0.003853,-0.000136,0.001326,-0.00013,0.005701,0.007919,0.008004,-0.015223,0.000371,-0.019473,0.001205,0.012933
Indonesian_Java:GRC10041183,0.011382,-0.398088,-0.081835,-0.041021,0.136333,0.074185,-0.00517,-0.01523,-0.010431,-0.012939,0.088989,0.007643,-0.013082,-0.00055,0.002443,-0.000663,-0.008736,0.00228,0.007919,0.007629,-0.01123,0.005812,-0.013557,-0.003856,0.018322
Indonesian_Java:GRC10041184,0.018212,-0.398088,-0.078441,-0.027778,0.127408,0.06024,-0.003055,-0.009,-0.012885,-0.014761,0.082331,0.01109,-0.007284,0.010597,0.004343,0.004375,-0.003912,0.001774,-0.002891,0.008254,-0.011729,0.008408,-0.006286,0.004579,0.01916
Indonesian_Java:GRC10041185,0.010244,-0.406212,-0.078064,-0.031331,0.145873,0.062472,-0.002585,-0.017307,-0.016362,-0.017495,0.090288,0.004646,-0.006541,0.008533,0.012351,0.003182,0.002999,0.00152,-0.007039,0.007629,-0.021337,0.007666,-0.01368,-0.001566,0.02383
Indonesian_Java:GRC10041186,0.007968,-0.399103,-0.079572,-0.034238,0.145258,0.063866,0.002115,-0.011769,-0.012885,-0.017677,0.085416,0.012139,-0.012785,0.007844,0.008279,0.01432,-0.006128,-0.00266,-0.002137,0.006753,-0.012728,-0.000371,-0.013927,0.003253,0.01425
Indonesian_Java:GRC10041217,0.010244,-0.40215,-0.077687,-0.035207,0.142796,0.067492,-0.00658,-0.012692,-0.005318,-0.020046,0.088664,0.004346,-0.004906,0.004954,0.004343,0.001989,-0.005607,0.000127,-0.003017,0.01013,-0.013601,0.001484,-0.016638,0.007712,0.024549
Indonesian_Java:GRC10041218,0.014797,-0.403165,-0.068636,-0.037145,0.144642,0.063029,-0.00846,-0.020538,-0.013294,-0.022962,0.073075,0.004346,-0.014123,0.009909,0.005972,0.003182,0.005215,-0.007855,-0.006788,0.015132,-0.013351,0.000742,-0.009737,0.00241,0.022992
Indonesian_Java:GRC10041220,0.009106,-0.406212,-0.081081,-0.03876,0.143719,0.07028,0.00094,-0.013615,-0.014521,-0.019864,0.092074,0.005695,-0.006392,0.006193,0,0.008486,0.004433,-0.003674,0.002137,0.014382,-0.013851,-0.002473,-0.011092,-0.002771,0.016406
Indonesian_Java:GRC10041221,0.011382,-0.405196,-0.07731,-0.032623,0.145258,0.064982,0,-0.008769,-0.008795,-0.011481,0.079246,0.017235,-0.01442,0.011147,0.004343,-0.005967,-0.007823,0.000887,-0.002891,0.016633,-0.004991,0.007048,-0.009244,-0.004579,0.023471
Indonesian_Java:GRC10041222,0.010244,-0.404181,-0.074293,-0.045543,0.145258,0.061077,-0.00658,-0.002308,-0.007158,-0.013485,0.082656,0.002847,-0.008771,0.007844,0.007193,0.009016,0.003129,0.001774,0.00176,0.003752,-0.012228,0.004328,-0.006039,-0.002289,0.027542
Ami:NA13607,0.025041,-0.451911,-0.042615,-0.065892,0.138487,0.064145,-0.012691,-0.017538,-0.022089,-0.017677,0.053263,0.004646,0.000297,-0.00289,0.010315,0.00411,-0.008605,0.008615,0.005656,-0.014882,0.000499,-0.023247,0.009613,-0.008796,-0.056642
Ami:NA13608,0.014797,-0.444802,-0.04978,-0.068799,0.14495,0.061077,0.00047,-0.01523,-0.013294,-0.026424,0.045306,0.004346,-0.007879,-0.005505,0.015201,0.000398,-0.014342,0.004181,0.00993,-0.017383,0.014974,-0.028687,0.007641,-0.001084,-0.046702
Ami:NA13609,0.018212,-0.44988,-0.042992,-0.063631,0.139411,0.07028,0.001645,-0.012692,-0.025361,-0.027518,0.058297,0.005545,-0.008028,-0.002064,0.000679,0.004508,0.005998,0.007475,0.007039,-0.016008,0.012852,-0.026709,0.002218,0.002169,-0.054127
Ami:NA13610,0.017073,-0.448864,-0.045632,-0.062662,0.140334,0.062193,-0.00235,-0.017538,-0.031292,-0.026789,0.04352,0.002847,-0.001933,-0.004266,0.002443,0.004641,-0.003651,0.005954,0.008799,-0.021135,0.009483,-0.027946,-0.001109,-0.012652,-0.056881
Ami:NA13611,0.018212,-0.446833,-0.041483,-0.06783,0.139411,0.064424,-0.010575,-0.020076,-0.027406,-0.02606,0.0367,0.010341,-0.003865,-0.000413,0.008958,0.004243,-0.003781,0.000253,0.001257,-0.018259,0.014474,-0.019784,0.002588,-0.00964,-0.055564
Ami:NA13612,0.021626,-0.448864,-0.038466,-0.065569,0.143719,0.061635,-0.012221,-0.014769,-0.022702,-0.021686,0.042871,0.005845,-0.00773,-0.001651,0.00665,0.001061,-0.002999,0.004434,0.013073,-0.015632,0.007736,-0.031408,-0.000616,-0.005302,-0.059875
Atayal:NA13597,0.012521,-0.443786,-0.045632,-0.069768,0.129255,0.061356,-0.004465,-0.017538,-0.019634,-0.014761,0.041247,0.001499,0.001933,0.005505,0.017508,0.002121,-0.007041,-0.004434,0.006788,-0.018759,-0.002995,-0.021145,-0.000986,-0.010845,-0.051852
Atayal:NA13598,0.020488,-0.443786,-0.038466,-0.073644,0.134179,0.059683,0.00094,-0.014538,-0.023725,-0.021322,0.043195,0.004496,-0.000743,-0.004129,0.011401,0.009546,-0.007562,0.007855,0.006788,-0.00988,0.007112,-0.031037,0.001602,-0.010001,-0.054127
Atayal:NA13599,0.011382,-0.454957,-0.038089,-0.064277,0.139411,0.06024,-0.00564,-0.009,-0.020657,-0.019499,0.03264,0.005245,-0.007433,0.005643,0.013436,0.014452,-0.002999,0.004054,0.004022,-0.018509,-0.009483,-0.023989,-0.003574,-0.005543,-0.041553
Atayal:NA13601,0.009106,-0.443786,-0.038466,-0.062662,0.141257,0.054941,-0.006345,-0.01523,-0.022089,-0.016948,0.034426,0.006894,-0.000743,0.003716,0.010179,0.007292,-0.001043,0.000127,0.008673,-0.017133,0.009733,-0.030419,0.003451,-0.005904,-0.052331
Atayal:NA13602,0.01935,-0.441755,-0.042615,-0.070414,0.132025,0.053547,-0.005875,-0.014307,-0.02577,-0.024055,0.039785,0.006145,-0.00446,0.007569,0.014386,0.007425,-0.000391,0.010262,0.007542,-0.008629,0.003494,-0.019413,-0.000493,-0.006386,-0.051732
Atayal:NA13603,0.018212,-0.437693,-0.043369,-0.071706,0.136333,0.065818,-0.00188,-0.01223,-0.020043,-0.016401,0.041084,-0.001049,-0.01115,-0.00055,0.013436,0.005038,-0.007432,0.007095,0.00176,-0.019885,0.012104,-0.02065,0.005546,-0.010604,-0.049696
Tai_Lue:TL316,0.026179,-0.430584,-0.038843,-0.060401,0.12587,0.055499,-0.002585,-0.006461,-0.014726,-0.013485,0.002111,-0.002398,0.001189,-0.003303,-0.001086,-0.001458,-0.001956,0.003801,0.001131,-0.015007,0.011105,0.006554,0.013434,0.004579,0.006107
Tai_Lue:TL343,0.009106,-0.44074,-0.042238,-0.062985,0.133563,0.04518,-0.003055,-0.008769,-0.018816,-0.009294,0.003897,-3e-04,-0.001338,-0.004404,0.00855,0.002254,-0.005867,0.004181,-0.005154,-0.009379,-0.001373,0.002968,0.015652,0.002651,-0.000479
Tai_Lue:TL348,0.007968,-0.444802,-0.037335,-0.070091,0.136333,0.056615,-0.00423,-0.013846,-0.029042,-0.011116,0.015427,-0.003147,0.001189,-0.001927,0.001629,0.006364,0.006258,0.001394,-0.005405,-0.011756,0.013726,0.001855,0.015899,0.001205,-0.000359
Tai_Lue:TL351,0.005691,-0.441755,-0.039221,-0.057494,0.124331,0.073069,0.00094,-0.008538,-0.015339,-0.015308,0.013965,0.003747,-0.008028,-0.001927,-0.003664,0.000796,0.007562,-0.001014,-0.006034,-0.011005,0.014474,0.010016,0.015652,-0.000843,0.003712
Thai:CHI007,0.013659,-0.37473,-0.06675,-0.032623,0.094171,0.049364,-0.003055,0.003231,-0.008385,-0.006743,0.016401,3e-04,-0.002379,-0.000413,0.001629,-0.002254,0.002738,-0.004181,0.000377,0.005753,0.004492,0.008656,0.004683,0.004338,0.021794
Thai:CHI034,0.014797,-0.426522,-0.047517,-0.049419,0.125562,0.059125,-0.00141,-0.014999,-0.005318,-0.01221,0.027931,-0.002698,-0.004608,0,-0.000271,0.001061,0.007171,0.004181,0.005279,-0.002376,0.006239,-0.000866,0.001972,0.000964,0.00934
Thai:DCH002,0.018212,-0.350358,-0.062225,-0.01292,0.079092,0.053826,-0.010105,-0.010153,0.000818,-0.004009,0.020136,0.006145,-0.005203,-0.002202,-0.000814,0.001326,-0.002477,0.002407,0,-0.003877,-0.002496,0.009892,0.003944,0.001807,0.016645
Thai:DCH006,0.018212,-0.355435,-0.072407,-0.013566,0.096633,0.060798,-0.002585,-0.004615,-0.001432,-0.008018,0.035238,0.004646,-0.001189,0.003441,0.012351,0.000133,-0.00339,-0.006334,-0.010056,0.000875,-0.007736,0.016693,-0.001602,0.000241,0.023112
Thai:DCH007,0.023903,-0.411289,-0.042238,-0.043282,0.095095,0.054105,-0.00658,-0.004846,-0.017385,-0.006378,-0.01153,-0.003747,-0.006244,0.000413,-0.002443,-0.009546,-0.000391,-0.003421,-0.005028,-0.010505,0.005241,0.006554,0.001725,-0.001205,0.005149
Thai:DCH008,0.023903,-0.353404,-0.078064,-0.022287,0.089555,0.058009,0.00658,-0.005769,0.002045,-0.004374,0.024196,-0.001798,-0.004014,0.004817,-0.000271,0.002784,0.007432,-0.0019,-0.003017,0.003752,0.008111,0.011871,-0.002465,-0.00012,0.004071
Thai:DCH009,0.022765,-0.384886,-0.054682,-0.042313,0.09294,0.050479,-0.006345,-0.004846,-0.011044,-0.006196,0.0177,0.00015,-0.0055,-0.007294,-0.001221,-0.000796,-0.00352,0.001647,-0.00176,-0.005253,0.006613,-0.000742,0.013064,-0.001807,0.001437


Dai:B_Dai-4,0.015935,-0.434647,-0.049403,-0.059432,0.115714,0.063866,-0.00047,-0.004846,-0.018203,-0.012392,0.012342,0.001798,0.00446,-0.008808,0.002579,0.002121,0.009388,-0.004434,-0.002263,-0.012131,0.011355,0.011005,0.016515,0.005061,0.006466
Dai:HGDP01307,0.012521,-0.442771,-0.046386,-0.062339,0.121561,0.059404,0.00094,-0.007154,-0.019021,-0.013121,0.007145,0.003747,-0.004906,-0.003853,-0.001764,0.00769,0.00339,-0.000887,-0.005028,-0.01063,0.011355,0.007172,0.013188,0.004217,0.00467
Dai:HGDP01308,0.01935,-0.434647,-0.047517,-0.059432,0.116022,0.06275,0.002115,-0.003231,-0.016566,-0.012028,0.012991,0.004346,0.002676,-0.008808,0.001764,0.002652,0.009518,-0.00114,-0.003268,-0.012256,0.012478,0.010758,0.01442,0.005061,0.008981
Dai:HGDP01309,0.014797,-0.442771,-0.043746,-0.062662,0.127408,0.063029,-0.000705,-0.014307,-0.022089,-0.014943,0.011205,-0.001798,-0.004014,-0.003303,0.002579,0.005834,0.002217,0.00266,-0.006788,-0.011631,0.013601,0.007172,0.015652,-0.002771,0.008263

Kinh_Vietnam:HG01595,0.01935,-0.428553,-0.036204,-0.063308,0.110482,0.056894,-0.004465,-0.008769,-0.020248,-0.003827,-0.004547,-0.000749,0.005203,0.000413,-0.000543,0.000663,-0.003129,0.001014,-0.006662,-0.002251,0.01697,0.013602,0.014173,0.001807,0.002275
Kinh_Vietnam:HG01596,0.01935,-0.428553,-0.040352,-0.054587,0.110174,0.051595,0.002585,-0.008307,-0.015135,-0.008565,0.009743,0.003597,-0.001487,-0.001239,0.004072,0.002254,0.0103,0.003294,-0.003268,-0.007754,0.009358,0.005688,0.01861,0.000964,0.007664
Kinh_Vietnam:HG01597,0.012521,-0.442771,-0.036581,-0.053941,0.125562,0.061356,0.00188,-0.003692,-0.019839,-0.010934,-0.00065,0.004046,0,-0.011973,0.004886,0.004641,0.001043,-0.001014,-0.004399,-0.00963,0.005865,0.007172,0.015159,0.003374,0.002994
Kinh_Vietnam:HG01598,0.013659,-0.44074,-0.035072,-0.05814,0.118176,0.059683,-0.009165,-0.00923,-0.013908,-0.014032,0.000812,0.000899,0.000149,-0.001651,-0.002714,-0.003978,0.001565,0.00076,-0.005656,-0.008754,0.010731,0.007419,0.01479,-0.001928,0.005748
Kinh_Vietnam:HG01600,0.018212,-0.442771,-0.0445,-0.055879,0.118791,0.05271,0.000705,-0.013846,-0.015748,-0.009659,-0.000974,-0.005095,0.000595,-0.01156,-0.007329,0.003315,0.003651,0.010135,0.003268,-0.009505,0.012852,0.004328,0.01479,0.009519,-0.007544
Kinh_Vietnam:HG01842,0.01935,-0.427538,-0.038089,-0.059755,0.120946,0.054105,-0.0047,-0.011769,-0.020043,-0.010934,0.008119,-0.003747,-0.001487,-0.011285,-0.000271,-0.00053,-0.001434,-0.00114,-0.006285,-0.008129,0.006239,0.003833,0.012571,-0.003615,-0.001197
Kinh_Vietnam:HG01844,0.017073,-0.430584,-0.033564,-0.055556,0.105558,0.049643,-0.002115,-0.010846,-0.006136,-0.010387,0.00682,-0.005695,0.008325,-0.007844,0,0.002121,-0.003781,-0.008361,-0.008422,-0.012381,0.004617,0.004575,0.011462,0.002048,0.006466
Kinh_Vietnam:HG01846,0.022765,-0.436678,-0.042992,-0.06137,0.103404,0.064982,0.00423,-0.007846,-0.02127,-0.009659,-0.001624,-0.002997,0.005946,-0.005643,-0.01045,-0.010077,-0.006519,0.0019,-0.001634,-0.007879,0.004991,0.005317,-0.004807,-0.011447,0.010418
Han_Shanghai:Han24,0.03187,-0.44988,-0.00528,-0.064277,0.064012,0.034304,-0.000705,0.004384,-0.015953,-0.006378,-0.076972,-0.017834,0.013082,-0.002202,-0.006243,0.009281,0.004694,0.00114,0.004399,-0.017383,0.014849,0.00779,0.01861,-0.002892,-0.009939
Han_Shanghai:Han496,0.027318,-0.444802,0.001886,-0.074613,0.052933,0.030957,0.00799,0.000462,-0.014317,-0.000729,-0.075186,-0.013188,0.009663,-0.00289,-0.001086,0.006232,0.002999,0.007601,0.004902,-0.016758,0.018218,0.00779,0.0053,-0.003253,-0.000359
Han_Shanxi:Han115,0.029594,-0.44988,0.018479,-0.061047,0.053241,0.014223,0.013161,0.000923,-0.015953,0.000729,-0.07616,-0.006594,0.013974,-0.014588,-0.007329,-0.008884,-0.00339,-0.005321,-0.005656,0.000875,-0.00025,0.01694,0.011955,-0.001446,0.002155
Han_Shanxi:Han1603,0.030732,-0.432616,0.019233,-0.062985,0.039392,0.013666,0.01034,0.000231,-0.010431,0.010023,-0.077459,-0.006744,0.014271,0.002064,-0.001764,0.003447,0.003651,0.005574,-0.000377,-0.005628,0.010981,0.011871,0.016145,0.002289,-0.003113
Han_Shanxi:Han1843,0.026179,-0.442771,0.00792,-0.056848,0.047086,0.018128,0.00376,-0.000462,-0.005727,0.008747,-0.072912,-0.011989,0.009812,0.002202,-0.017779,0.00358,0.007562,0.003041,-0.013073,-0.010505,0.006988,0.008532,0.00986,-0.001325,-0.000239
Han_Shanxi:Han1897,0.023903,-0.437693,0.010936,-0.058786,0.045547,0.008367,0.003995,-0.000231,-0.010635,0.004374,-0.0734,-0.014387,0.011744,-0.018304,-0.00095,0.011138,0.005737,-0.00114,-0.004148,-0.006503,0.010482,0.008532,0.001232,0.00723,0.007185
Han_Shanxi:Han1899,0.026179,-0.439724,0.019233,-0.049419,0.044316,0.01004,0.002115,-0.001154,-0.011862,0.007107,-0.075348,-0.007643,0.010109,-0.012937,-0.003664,-0.002784,0.000913,0.000887,-0.002514,0.000375,0.00861,0.011252,0.017255,-0.001807,0.006826
Han_Henan:Han1226,0.028456,-0.434647,0.009051,-0.057494,0.051394,0.015897,-0.00376,0.000462,-0.015135,0.011481,-0.066904,-0.014537,0.016947,-0.013487,-0.004886,0.000265,-0.002347,0.002787,0.00352,0.002376,0.011729,0.01014,0.012325,-0.014098,-0.000958
Han_Henan:Han1243,0.026179,-0.437693,0.012445,-0.065569,0.047393,0.016455,0.00752,0.000462,-0.007158,0.008018,-0.079408,-0.017085,0.013082,-0.013487,-0.005836,0.001061,0,0.006968,-0.00817,-0.006878,0.008485,0.008903,0.007272,-0.000482,-0.00012
Han_Henan:Han1713,0.026179,-0.453942,0.014331,-0.06783,0.048624,0.023148,0.00752,0.006692,-0.009408,-0.000182,-0.077622,-0.006145,0.008176,-0.005367,-0.008822,0.005834,0.005998,-0.002154,-0.000503,-0.01038,0.012104,0.006306,0.011092,0.004097,-0.007424
Han_Henan:Han1714,0.01935,-0.452926,0.006034,-0.068476,0.047701,0.026216,0.011986,0.006692,-0.020657,0.003827,-0.078758,-0.009891,0.01219,-0.001514,-0.003936,-0.001061,0.005215,-0.006968,0.001634,-0.008504,0.009358,0.005317,0.011216,-0.000723,-0.000718
Han_Henan:Han894,0.027318,-0.441755,0.002263,-0.062339,0.057549,0.020359,0.01034,0.002538,-0.015748,-0.004191,-0.079083,-0.009442,0.010258,-0.007982,-0.001629,-0.006099,0.003912,-0.006461,-0.003897,0.001501,0.012852,0.006183,0.000739,0.002771,-0.00012
Han_Jiangsu:Han1452,0.018212,-0.451911,0.001508,-0.071383,0.067089,0.018686,0.009165,-0.003692,-0.013499,0.006014,-0.07275,-0.007194,0.008176,-0.011285,-0.012079,-0.003315,0.000913,0.007728,-0.00352,-0.004502,0.016097,0.009769,0.017748,-0.003976,0.00479
Han_Jiangsu:Han1962,0.025041,-0.463081,0.003017,-0.072675,0.061858,0.025937,0.010575,0.005077,-0.016362,0.000911,-0.06593,-0.007943,0.013379,-0.005505,-0.004072,0.004508,-0.002477,0.000887,0.00352,-0.011881,0.009109,0.002226,0.008134,0.003976,-0.006945
Han_Jiangsu:Han2054,0.018212,-0.458004,-0.003017,-0.070414,0.057857,0.032072,0.00564,0,-0.011862,0.00328,-0.073562,-0.010041,0.006838,-0.003991,-0.01045,-0.009546,-0.00691,0.003041,-0.007165,-0.011255,0.014849,0.00371,0.009737,-0.000241,0.006706
Han_Jiangsu:Han2057,0.023903,-0.455973,-0.003017,-0.061693,0.064627,0.02761,0.00893,0.006692,-0.016975,0.003827,-0.068041,-0.007643,0.014717,-0.016928,-0.008007,-0.008221,-0.002868,0.002154,-0.008925,-0.008129,0.012104,0.007543,0.007518,-0.001325,-0.001437
Han_Jiangsu:Han2058,0.020488,-0.450895,0.008674,-0.072675,0.057857,0.028726,0.005405,-0.007384,-0.013908,0.001458,-0.078271,-0.003897,0.00996,-0.003441,-0.0019,-0.002121,0.00352,-0.00114,-0.006034,-0.012506,0.014599,0.003957,0.016638,0.001325,-0.008742
Han_Jiangsu:Han2076,0.026179,-0.447848,-0.003017,-0.073967,0.069244,0.035698,0.00752,-0.000692,-0.014521,-0.000729,-0.06122,-0.003297,0.013677,-0.010184,-0.005565,0.009016,0.001043,0.008235,-0.00088,-0.01063,0.014974,0.000124,0.01861,-0.006386,-0.005389
Han_Jiangsu:Han2090,0.025041,-0.454957,-0.006788,-0.06783,0.066166,0.024542,0.003995,0.000692,-0.012271,0.00492,-0.055862,-0.012739,0.011447,-0.005643,-0.01045,0.002917,0.004433,-0.00266,-0.004148,-0.02101,0.011355,0.009274,0.010599,-0.000241,0.000718
Han_Hubei:Han2161,0.028456,-0.455973,0.000377,-0.065569,0.067397,0.029005,0.009635,-0.003461,-0.015135,0.001093,-0.052289,0.002248,0.009366,-0.010322,-0.015336,0.001856,-0.002477,-0.00228,-0.008422,-0.016008,0.020464,0.005935,0.011832,-0.003856,-0.004191
Han_Hubei:Han2162,0.026179,-0.451911,0.003771,-0.066861,0.075399,0.034304,-0.00141,-0.007615,-0.012476,0.004191,-0.052776,-0.004196,0.009514,-0.012799,-0.006107,-0.002652,0.000913,0.00266,-0.002891,-0.014757,0.023334,-0.002844,0.015036,-0.008194,-0.008981
Han_Hubei:Han788,0.015935,-0.456988,-0.011691,-0.073967,0.0834,0.034025,-0.010575,-0.000231,-0.011453,0.004738,-0.056349,-0.002098,0.003568,-0.003853,-0.008415,-0.004641,0.002999,0.005574,0.003645,-0.006628,0.020589,0.002102,0.014666,0.005784,-0.005748
Han_Hubei:Han789,0.021626,-0.460035,-0.00792,-0.063954,0.075706,0.030957,0.00423,-0.003231,-0.01718,0.002916,-0.052289,-0.014087,0.009366,-0.011698,0.000679,0.001061,0.007171,-0.001394,-0.00993,-0.012006,0.017968,0.001978,0.013434,0.000361,-0.001437
Han_Hubei:Han874,0.018212,-0.447848,-0.014331,-0.065569,0.072937,0.032909,-0.000705,-0.007615,-0.01268,-0.001822,-0.046605,-0.010041,0.011893,0.001789,0.002714,0.004906,0.000913,0.000127,-0.003142,-0.017383,0.019341,0.003833,0.012078,0.002771,-0.005508
Han_Chongqing:Han1968,0.022765,-0.451911,-0.013576,-0.070737,0.084939,0.035977,0.002585,0.003231,-0.017385,0.002187,-0.045306,-0.002997,0.006095,-0.011698,-0.005022,0.002387,0.004433,-0.005574,0.004525,-0.004002,0.010856,0.00779,0.008874,0.001807,0.009819
Han_Chongqing:Han2150,0.01935,-0.456988,-0.011314,-0.069445,0.084016,0.032351,0.00282,-0.003923,-0.015748,-0.005285,-0.046281,-0.005395,0.013379,-0.004129,-0.006107,-0.001458,0.002217,-0.000127,0.005656,-0.012506,0.011105,0.00779,0.019596,0.002048,0.000838
Han_Chongqing:Han516,0.021626,-0.448864,-0.013576,-0.062016,0.086785,0.04267,-0.002115,-0.005538,-0.018203,-0.008018,-0.052939,-0.003447,0.012785,0.004404,-0.003393,0.000663,-0.003651,0.000887,0.00176,-0.004252,0.021337,0.009645,0.020213,-0.003253,0.003952
Han_Fujian:Han1900,0.014797,-0.455973,-0.006411,-0.063954,0.077861,0.042112,-0.004935,0.004384,-0.012885,-0.000729,-0.05034,-0.003147,0.002676,-0.010872,-0.007057,-0.003845,0.004172,0.003167,0.004399,-0.009129,0.019715,-0.005564,0.015652,0.005663,-0.00479
Han_Fujian:Han1934,0.01935,-0.454957,-0.012822,-0.074613,0.086785,0.038487,0.00564,0.000231,-0.018816,-0.002369,-0.051802,-0.001049,0.00892,-0.011147,-0.005022,0.001856,0.000652,0.001774,0.004902,-0.015507,0.011355,0.003091,0.016269,0.007712,-0.01413
Han_Fujian:Han1994,0.01935,-0.450895,-0.019987,-0.06137,0.082477,0.039881,0.00141,-0.008077,-0.009817,-0.004009,-0.054725,-0.005845,0.00446,-0.00578,-0.009229,0.000663,-0.000522,0.001774,-0.005908,-0.015758,0.023708,0.004328,0.00986,0.007471,-0.006945
Han_Guangdong:Han1207,0.029594,-0.451911,-0.006788,-0.068799,0.085862,0.040439,0.005405,-0.003692,-0.01493,-0.000182,-0.046118,-0.003147,0.013082,-0.005505,-0.001493,0.001989,-0.001956,-0.00038,0.000628,-0.022136,0.017095,0.01558,0.015899,0.000361,0.002275
Han_Guangdong:Han1235,0.012521,-0.456988,-0.018479,-0.077843,0.096941,0.049085,0.003525,-0.008538,-0.023929,-0.010934,-0.032802,-0.005245,0.011298,-0.002477,-0.004343,0.003182,-0.004433,0.005321,-0.006411,-0.007754,0.012228,0.014838,0.009367,-0.010483,0.000479
Han_Guangdong:Han1415,0.01935,-0.44988,-0.020365,-0.070737,0.112021,0.056615,-0.000235,-0.007384,-0.011044,-0.007654,-0.019162,-0.008992,0.014271,-0.004679,-0.006515,0.006364,0,0.010388,-0.004399,-0.01063,0.009982,0.004822,0.014297,-0.006145,0.002874
Han_Guangdong:Han2087,0.017073,-0.459019,-0.02489,-0.072029,0.096633,0.035698,-0.00047,-0.009692,-0.019021,-0.00893,-0.036862,-0.002398,0.002825,-0.003165,0.001764,-0.001458,-0.00339,-0.003041,0.003268,-0.015758,0.01672,0.006677,0.011832,0.009158,-0.004311
Han_Guangdong:Han2088,0.017073,-0.450895,-0.024136,-0.065569,0.110482,0.054384,-0.00282,-0.00923,-0.005318,-0.00164,-0.025495,-0.002997,-0.001487,-0.003028,-0.010179,0.003182,0.00352,-0.000633,-0.000628,-0.015758,0.015972,0.005935,0.017008,0.000361,-0.011376
CHN_Tanshishan_N,0.005691,-0.427538,-0.04186,-0.058463,0.123408,0.055778,-0.00846,-0.01823,-0.020043,-0.024055,0.035076,3e-04,-0.004906,0.003578,-0.000271,0.014585,0.001825,0.001267,0.003017,-0.012256,0.005865,-0.009398,0.002958,-0.007832,-0.03341
CHN_Qihe_11500BP,-0.005691,-0.390979,-0.049026,-0.020349,0.091402,0.035977,-0.00705,-0.011769,-0.00859,-0.00893,0.014128,0,-0.00773,0.013349,0.001629,-0.004641,-0.004824,0.005828,-0.007793,-0.008754,0.014599,0.000618,-0.005176,-0.013014,-0.016286
LAO_LN_BA,0.005691,-0.40215,-0.083721,-0.034561,0.15049,0.078089,-0.002585,-0.012692,-0.006136,-0.018588,0.089801,0.004346,-0.012785,0.010184,0.003393,-0.005701,-0.002477,0.0019,-0.00088,0.026388,-0.016845,0.02201,-0.011955,0.001325,0.039038
LAO_Hoabinhian,-0.025041,-0.224432,-0.11917,0.087856,0.022466,-0.001952,-0.003055,0.01223,0.060539,0.018406,0.012829,0.001199,-0.000446,0.006055,-0.007872,-0.006364,-0.00352,-0.00076,-0.005531,0.023386,0.006988,0.013107,-0.017131,-0.001325,0.003712
CHN_Amur_River_10500BP,0.013659,-0.435662,0.069013,-0.047481,-0.038776,-0.042112,-0.000235,0.005769,0.003068,0.020228,-0.055374,-0.009142,-0.004757,0,-0.015336,-0.004773,0.002477,-0.000127,0.009427,0.01113,0.018343,-0.02065,-0.026005,0.004579,-0.022273
IRN_Ganj_Dareh_N,0.0430252,0.0664158,-0.1550722,0.0047158,-0.122669,0.0235384,0.017109,-0.0011998,-0.082546,-0.0544158,-0.0028258,-0.0016186,0.0044896,-0.0062756,0.0316498,0.0561384,-0.0054242,0.0068664,0.0136508,-0.0334162,0.00856,-0.028836,-0.0110678,-0.039331,0.0222254
Htin_Mal:TN105,0.002276,-0.420429,-0.072407,-0.041667,0.140334,0.059683,-0.009635,-0.000923,-0.008795,-0.014397,0.057486,0.004046,-0.011893,0.00812,0.003664,-0.005171,0.002999,0.002027,-0.000754,0.015632,-0.007487,0.017559,-0.006286,0.002048,0.035446
Htin_Mal:TN106,0.012521,-0.407227,-0.059585,-0.040698,0.131717,0.059683,-0.00329,-0.006231,-0.01309,-0.016583,0.055374,0.004796,-0.008771,0.004679,0.001221,0.000398,0.002347,-0.004687,0.000377,0.014257,-0.014974,0.021021,-0.007888,-0.00012,0.040835
Tibetan_Shigatse:T80,0.022765,-0.410274,0.000754,-0.037468,0.017234,0.006136,0.000235,0.006231,0.0045,0.010023,-0.095484,-0.010491,0.013974,-0.012937,-0.013572,0.001326,0.001173,0.004054,-0.000377,0.010005,0.00025,0.023989,0.002835,-0.001325,0.033889
Tibetan_Xinlong:XL05,0.025041,-0.432616,0.004903,-0.038114,0.013233,0.004183,0.00893,0.002538,0.007363,0.009476,-0.084442,-0.01079,0.018137,0.000826,-0.013572,-0.007558,0.004563,-0.008868,-0.010433,0.003126,-0.001248,0.028193,0.000246,-0.006025,0.040954
Korean:Korean15,0.020488,-0.452926,0.017348,-0.059432,0.036007,0.013666,0.00235,-0.004154,-0.010022,0.013303,-0.075186,-0.006444,0.00446,-0.004542,-0.007872,0.001591,0.005085,-0.000633,-0.003142,-0.011506,0.017844,-0.001978,0.009983,0.001807,-0.024309
Korean:Korean16,0.026179,-0.459019,0.024136,-0.065892,0.037238,0.008367,0.007755,0.006,-0.007158,0.008018,-0.06869,-0.006744,0.012785,-0.006055,-0.008279,-0.006762,0.002608,0.0019,-0.002388,-0.008754,0.014724,-0.007172,0.005053,-0.003253,-0.015088
Korean:Korean17,0.017073,-0.458004,0.024513,-0.066538,0.037238,0.009761,0.00423,0.008769,-0.004909,0.00656,-0.082818,-0.009442,0.005352,-0.009083,-0.012486,-0.003315,0.00013,0.001394,-0.004777,-0.008129,0.012852,-0.006677,0.009244,0.002048,-0.015088
Korean:Korean18,0.018212,-0.451911,0.019233,-0.062339,0.03693,0.008646,0.00517,0.004154,-0.009408,0.007836,-0.067229,-0.006444,0.00892,-0.002202,-0.008958,-0.005701,0.000522,-0.00152,-0.002514,0.001,0.016097,-0.006059,0.001972,-0.002169,-0.01449
Korean:Korean19,0.022765,-0.459019,0.019233,-0.06137,0.042777,0.01004,0.004465,0.001846,-0.006954,0.008018,-0.07616,-0.004196,0.011744,-0.006193,-0.012622,-0.000796,0.004172,0.00114,-0.00352,-0.01063,0.012852,-0.002473,0.007641,0.00241,-0.019639
Korean:Korean2,0.026179,-0.446833,0.014331,-0.066538,0.038776,0.012829,0.00235,0.006923,-0.002863,0.006014,-0.084767,-0.012589,0.009514,-0.004542,-0.008958,-0.00411,0.004563,0.002534,-0.000126,-0.006628,0.021088,-0.00507,0.015652,0.001446,-0.010059
Korean:Korean20,0.020488,-0.453942,0.01961,-0.068799,0.038161,0.011435,0.003055,0.002538,-0.010635,0.00656,-0.07681,-0.012139,0.008622,-0.004542,-0.0057,-0.008486,-0.012256,0.003674,0.001006,-0.011506,0.018218,-0.001978,0.005793,-0.002169,-0.01449
Li:CS411,0.013659,-0.442771,-0.039975,-0.069122,0.12987,0.062193,0.00141,-0.011076,-0.01943,-0.015672,-0.001786,-0.003897,-0.001338,-0.008257,-0.007329,-0.000663,0.003781,0.009122,0.004022,-0.019009,0.018592,0.000371,0.018734,-0.00012,-0.005628
Li:LS001,0.020488,-0.446833,-0.037712,-0.066538,0.127408,0.063029,0.001175,-0.013846,-0.020043,-0.008018,0.009581,-0.006294,0.011447,-0.010872,-0.002307,0.00358,0.000522,0.007855,-0.002514,-0.016008,0.014225,0.012736,0.026868,0.003976,-0.010658
Li:SY071,0.01935,-0.448864,-0.036958,-0.074613,0.127408,0.066655,-0.002585,-0.007154,-0.022702,-0.019499,0.008444,-0.004196,-0.000297,-0.004542,0.002172,0.014983,0.006389,-0.002027,-0.005405,-0.015632,0.019216,0.009274,0.018857,0.001566,-0.00934
Li:WZS058,0.007968,-0.445817,-0.046386,-0.055879,0.131717,0.064145,-0.000235,-0.007154,-0.019225,-0.014397,0.008931,0.002098,-0.001933,-0.014726,0.003529,0.006364,0.010822,-0.002787,-0.003142,-0.013632,0.010482,0.007914,0.010106,-0.006748,-0.008861
Japanese:HGDP00747,0.023903,-0.44988,0.013953,-0.059432,0.03693,0.006972,0.00752,0.005769,-0.002659,0.008747,-0.074049,-0.007194,0.011001,-0.014313,-0.011536,-0.006497,-0.001304,0.00152,0.005531,-0.007629,0.019216,-0.020526,0.003944,0.006386,-0.044667
Japanese:HGDP00748,0.023903,-0.44988,0.012822,-0.064923,0.034468,0.011156,-0.00376,0.000462,-0.008999,0.011116,-0.078596,-0.007044,0.009812,-0.001514,-0.012215,-0.005569,0.002868,0.001014,0.00088,-0.012881,0.024706,-0.007543,0.00419,0.003856,-0.044547
Japanese:HGDP00749,0.020488,-0.446833,0.014331,-0.055556,0.034776,0.014223,0.00282,-0.000462,-0.003681,0.010205,-0.073075,-0.008542,0.013528,-0.00523,-0.010586,-0.009016,-0.001695,0.004561,-0.001634,-0.00988,0.027826,-0.024112,0.005916,-0.000361,-0.046583
Japanese:HGDP00750,0.021626,-0.447848,0.01961,-0.058786,0.034776,0.005578,0.006345,0.006,-0.005931,0.009476,-0.070801,-0.008393,0.01219,-0.008808,-0.008822,0.002652,-0.000391,0.003294,0.00088,-0.007754,0.027452,-0.015209,0.004437,0.005302,-0.035685
Japanese:HGDP00751,0.022765,-0.442771,0.006788,-0.055556,0.0437,0.01255,0.000705,-0.005077,-0.008385,0.011481,-0.071289,-0.006744,0.00773,-0.00867,-0.006379,-0.007558,0.002086,0.00152,0.000754,-0.011756,0.029822,-0.019166,0.002958,-0.000482,-0.042272
Japanese:HGDP00754,0.025041,-0.435662,0.010936,-0.060401,0.032621,0.005578,0.00752,-0.003231,-0.009408,0.012939,-0.076485,-0.006894,0.015015,-0.003853,-0.016829,-0.000796,0.000261,0.009628,0.003645,-0.005628,0.033191,-0.012984,0.008011,0.005543,-0.03808
Aeta:GS000035250,-0.021626,-0.321923,-0.098428,0.041667,0.099095,-0.01004,0.002585,-0.011076,0.008385,0.003645,0.04011,3e-04,-0.005946,0.000413,0.004207,-0.001591,0.005085,0.004434,-0.002011,0.006003,0.003494,-0.016322,-0.007025,-0.007832,-0.059396
Aeta:GS000035257,-0.011382,-0.344264,-0.086361,0.024871,0.109251,-0.003068,0.002115,-0.016845,0.001023,-0.000729,0.044819,0.003597,-0.008474,0.003303,0.005157,0.001724,0.012256,0.009882,0.003771,0.000375,0.003244,-0.019537,-0.005053,-0.007109,-0.049337


Kazakh:597_B,0.063741,-0.217323,0.050534,0.002584,-0.039392,-0.018128,0.014101,0.010153,-0.006545,-0.006196,-0.015265,-0.001349,-0.001338,-0.007019,-0.004479,0.007823,0.011735,0.00266,0.000503,0.002626,-0.006489,-0.008408,-0.012941,0.005663,-0.002155
Kazakh:607_A,0.068294,-0.179749,0.035826,-0.013889,-0.027697,-0.006414,0.00282,0.013384,-0.001841,-0.009659,-0.020786,-0.00045,0.006244,0.006744,0.001629,-0.007955,-0.005346,-0.003294,0.001508,0.003126,-0.017095,-0.007666,-0.003574,-0.004097,-0.002754
Kazakh:608_A,0.078538,-0.207168,0.039975,-0.007752,-0.036622,-0.016176,0.010105,0.010153,-0.003477,0.002187,-0.025657,-0.006444,-0.001635,0.004954,0.00095,-0.002652,-0.012647,-0.000887,0.000251,-0.004877,-0.015473,0.004699,-0.005793,-0.001807,0.000239
Kazakh:608_B,0.064879,-0.221385,0.037712,-0.001615,-0.040315,-0.017849,0.010105,0.010384,-0.007567,-0.001458,-0.02176,0.00015,0.001933,-0.000826,-0.000814,-0.000663,0.004824,-0.000253,0.007165,0.006878,-0.007612,-0.004204,-0.015406,-0.005302,0.001317
Kazakh:688_B,0.069432,-0.213261,0.046386,-0.009367,-0.032621,-0.014223,0.011516,0.015692,-0.010635,-0.000364,-0.019162,-0.004196,-0.004311,-0.002752,0.003664,0.001326,0.00339,-0.00038,-0.002891,0.007003,-0.010981,-0.007172,-0.009367,0.003133,-0.007305
Kazakh:689_A,0.071709,-0.244743,0.048271,-0.005491,-0.030467,-0.016176,0.007755,0.017999,-0.00634,-0.008018,-0.027444,-0.002398,0.006392,-0.002752,0.0019,0.002387,0.002086,-0.001647,0.005908,0.00963,-0.023583,-0.008408,-0.015529,0.001928,0.005389
Kazakh:689_B,0.064879,-0.215292,0.043746,-0.005814,-0.0397,-0.017849,0.01081,0.004154,-0.010635,-0.000364,-0.021435,-0.002398,0.004757,-0.00812,0.00475,-0.001458,-0.009779,0.003167,0.002388,0.014757,-0.015098,-0.010387,-0.002711,0.004458,0.005868
Kazakh:690_A,0.064879,-0.22951,0.047894,-0.010659,-0.042469,-0.006414,0.01034,0.001846,-0.003681,0.002005,-0.025657,-0.003447,0.003271,0.001927,0.00095,0.000796,-0.002477,0.006968,0.000754,0.006628,-0.011355,-0.002844,-0.002711,0,-0.000239

Mongolian:mongol107,0.052359,-0.322938,0.068636,-0.020672,-0.044008,-0.026774,0.012456,0.017307,-0.00634,0.011116,-0.030367,0.002098,-0.001041,-0.001789,-0.000543,-0.010475,-0.016037,-0.000253,0.001383,0.002751,-0.025705,-0.007666,-0.021692,0.001325,-0.00012
Mongolian:mongol114,0.047806,-0.325985,0.056191,-0.031331,-0.038776,-0.028168,0.017861,0.022845,0.001432,0.011299,-0.035888,-0.005095,0.001784,-0.001101,0.005429,-0.001326,-0.004172,0.000887,0.001257,0.008254,-0.011355,-0.013478,-0.019843,-0.000843,-0.006347
Mongolian:mongol115,0.053497,-0.332078,0.061094,-0.029393,-0.048624,-0.032351,0.011281,0.013384,-0.003681,0.009294,-0.035401,-0.002698,0.00223,-0.000138,0.005022,0.005304,0.002999,-0.002534,0.007039,0.008879,-0.022835,-0.005812,-0.01442,-0.002048,0.005628
Mongolian:mongol119,0.05122,-0.330047,0.066373,-0.024871,-0.046778,-0.029284,0.014571,0.018692,0.001432,0.004009,-0.035076,-0.006894,0.002379,-0.001101,0.004479,0.001989,-0.008084,-0.000507,0.003897,0.015507,-0.024831,-0.010263,-0.017255,0.001205,0.004071
Mongolian:mongol120,0.053497,-0.328016,0.067127,-0.026486,-0.051394,-0.032072,0.015041,0.016615,0.002454,0.009112,-0.023871,-0.002997,-0.006987,0.000413,0.0019,0.007955,0.008345,0.002914,0.007542,0.009755,-0.022959,-0.010634,-0.019843,0.001687,0.000479


Buryat:229_A,0.045529,-0.360513,0.07467,-0.026486,-0.077245,-0.045459,0.020211,0.02746,-0.000409,0.007472,-0.025495,-0.00045,-0.004014,0.003578,0.001764,0.002121,0.006389,0.00114,0.008296,0.019509,-0.019965,-0.015828,-0.022801,-0.002771,0.007424
Buryat:230_A,0.047806,-0.35442,0.084098,-0.029393,-0.071398,-0.03514,0.020211,0.027691,0.011044,0.012574,-0.019974,0,0.004014,-0.000826,-0.001221,-0.001193,0.001825,0.003421,0.012067,0.019259,-0.030197,-0.012365,-0.028347,-0.003374,-0.000599
Buryat:230_B,0.055773,-0.298566,0.064488,-0.023902,-0.056626,-0.032072,0.013161,0.020999,0.011658,0.018588,-0.019811,-0.004646,0.004906,0.002064,-0.000407,0.012066,-0.004955,-0.000507,0.005028,0.013882,-0.021836,-0.013478,-0.022554,0.002289,0.001197
Buryat:231_A,0.045529,-0.362544,0.078818,-0.024871,-0.07386,-0.036256,0.020446,0.020768,0.008181,0.018041,-0.016888,0.001649,-0.00446,0.00523,0.011401,0.012066,-0.000652,-0.005954,0.007416,0.015257,-0.027077,-0.010634,-0.022678,-0.001325,0.000479
Buryat:231_B,0.047806,-0.369653,0.082212,-0.028424,-0.066166,-0.032351,0.017391,0.021461,0.003068,0.010205,-0.020461,0.000899,0.0055,0.003441,0.011943,0.003978,0.005737,-0.008235,-0.000503,0.013381,-0.020214,-0.007914,-0.025143,-0.006386,0.000599
Buryat:262_A,0.037562,-0.369653,0.073161,-0.024548,-0.067705,-0.04016,0.018331,0.027922,0.012067,0.01221,-0.030854,-0.004796,-0.001635,-0.001514,0.004886,-0.001591,-0.003129,-0.002914,0.00729,0.016383,-0.021337,-0.008408,-0.020706,0.000482,0.003353
Buryat:262_B,0.048944,-0.362544,0.086361,-0.024225,-0.070782,-0.036256,0.019271,0.025614,0.006136,0.012939,-0.018025,0.004496,0.001784,0.01679,0.004886,-0.006099,-0.005998,0.00266,0.005656,0.014507,-0.022835,-0.007666,-0.024403,-0.002048,0.00479
Buryat:264_B,0.05122,-0.356451,0.075424,-0.028101,-0.067089,-0.040718,0.016451,0.020538,0.004704,0.01221,-0.019649,-0.004496,-0.009068,0.004817,0.008822,-0.001326,-0.002217,0.004941,0.009679,0.012131,-0.023209,-0.004328,-0.011832,-0.008314,0.00467
Yakut:358_A,0.046667,-0.38387,0.117662,-0.031977,-0.102481,-0.058009,0.029376,0.035768,0.013703,0.018588,0.024196,0.009591,-0.022596,0.066609,0.03583,0.020021,0.00326,-0.011402,-0.037458,-0.03214,-0.002745,0.032768,0.007148,0.006627,-0.013292
Yakut:358_B,0.052359,-0.343249,0.102577,-0.018088,-0.09294,-0.066376,0.023736,0.034845,0.01718,0.018041,0.019974,0.002098,-0.017988,0.060141,0.029044,0.004641,-0.010561,-0.007221,-0.027905,-0.032265,0.00287,0.030666,0.010723,-0.003856,-0.012933
Yakut:455_A,0.044391,-0.378792,0.112759,-0.023579,-0.107097,-0.071954,0.029141,0.034845,0.026384,0.024602,0.034914,0.015586,-0.025867,0.074454,0.045738,0.024927,0.001565,-0.01761,-0.042863,-0.033641,0.000624,0.039198,0.011092,-0.001325,-0.019759
Yakut:455_B,0.040976,-0.387932,0.102954,-0.017119,-0.114791,-0.060798,0.030081,0.037152,0.020043,0.023691,0.024033,0.005245,-0.021407,0.067573,0.034202,0.029037,0.01356,-0.020904,-0.035573,-0.028264,-0.003993,0.033386,0.008751,0.001446,-0.01425
Yakut:456_A,0.046667,-0.382855,0.105594,-0.02584,-0.112944,-0.066934,0.029846,0.039229,0.022907,0.020228,0.034102,0.007044,-0.019623,0.060279,0.032844,0.023468,0.009779,-0.01647,-0.048897,-0.031765,-0.009608,0.042784,0.005053,-0.004338,-0.015448
Hezhen:HGDP01233,0.028456,-0.446833,0.038843,-0.05168,-0.009848,-0.010877,0.004465,0.007846,-0.001023,0.009659,-0.047905,-0.008393,0.013082,-0.004954,-0.015065,0.005436,-0.001565,-0.003674,0.012067,0.00988,0.013351,-0.01051,-0.004683,0.005904,0.006826
Hezhen:HGDP01234,0.028456,-0.428553,0.058077,-0.043605,-0.051394,-0.02761,0.016216,0.019615,0.005113,0.01549,-0.036375,0.003147,-0.001041,-0.001239,-0.004207,-0.01896,-0.007302,0.008615,0.012193,0.013381,0.001123,-0.02337,-0.006409,0.010122,0.005029
Hezhen:HGDP01236,0.028456,-0.444802,0.034318,-0.050388,0.004616,-0.008088,0.00752,0.005538,-0.00409,0.011299,-0.058785,-0.005095,0.007582,-0.006606,-0.006786,-0.007027,-0.010691,0.0019,0.002263,0.001,0.006738,-0.011005,-0.000739,0.005543,-0.008981
Hezhen:HGDP01237,0.029594,-0.443786,0.07731,-0.049419,-0.048932,-0.034025,0.013866,0.020076,0.007772,0.015855,-0.027931,-0.001948,-0.000595,0.002477,-0.008143,-0.003182,-0.005346,0.006588,0.012821,0.013882,0.006988,-0.027451,-0.016638,0.000482,-0.002994
Hezhen:HGDP01238,0.033009,-0.429569,0.045254,-0.048773,-0.006463,-0.01255,0.017626,0.011999,-0.00409,0.00893,-0.057161,-0.006594,0.005352,-0.00234,0.000679,0.003845,0.001565,0.001267,0.003017,-0.004252,0.004991,-0.002597,-0.005793,0.00494,-0.005508
Altaian:altai283p,0.059188,-0.287395,0.067882,-0.007752,-0.054779,-0.023706,0.013631,0.013615,-0.00225,-0.000182,-0.013803,-0.00045,-0.006541,-0.012937,-0.005022,-0.000133,-0.010431,-0.001774,0.013198,0.014132,-0.021213,0.00371,-0.019103,-0.005663,0.00491
Altaian:altai363p,0.055773,-0.304659,0.068636,-0.00969,-0.064012,-0.021753,0.014571,0.018692,0.011044,0.002734,-0.024358,0.002548,0.004014,-0.011423,0.007872,0.006364,-0.000522,0.003421,0.007039,0.014632,-0.020838,0.001237,-0.015776,0.005904,-0.012933
Altaian:altai419A,0.061464,-0.27724,0.061848,-0.006137,-0.060627,-0.022311,0.011516,0.015461,-0.000409,0.005467,-0.017538,-0.003597,-0.000595,-0.015689,-0.00855,0.00053,0.003781,0,0.018352,0.011881,-0.016097,0.004699,-0.007518,-0.002048,-0.007065
Altaian:altai431k,0.054635,-0.281302,0.071653,-0.009367,-0.065551,-0.027331,0.009635,0.010846,0.004704,-0.00893,-0.013316,-0.006744,-0.001635,-0.01679,0.0019,0.002121,-0.005607,-0.001647,0.011439,0.017008,-0.033566,-0.009645,-0.010723,-0.003133,-0.000838

RUS_Late_Xiongnu,0.0415971,-0.3564047,0.0776011,-0.0128025,-0.0662921,-0.0346078,0.0116759,0.0171915,0.006619,0.0073557,-0.0254213,-0.000545,-5e-04,-0.0033155,0.0008636,3.61e-05,-0.0018609,-0.0014051,0.0028225,0.0105846,-0.0175939,-0.0042548,-0.0166105,-0.0013693,0.0022262
RUS_Late_Xiongnu_Han,0.0337201,-0.3918675,0.0478472,-0.0379525,-0.0230811,-0.01635,0.0110452,0.0108746,-0.0026844,0.0067654,-0.0481279,-0.0024915,0.0027131,-0.0045759,-0.003291,0.0003315,0.000391,0.0014726,0.0011942,0.0061122,-0.006941,0.0021176,-0.0069942,-0.0037202,0.0034278
RUS_Late_Xiongnu_Sarmatian,0.0912335,-0.0157017,0.0180438,0.0361512,-0.0384923,0.0117778,0.0054595,0.0030885,-0.0212548,-0.0230038,-0.0049091,0.0012219,0.0001373,-0.0170863,0.0166832,0.0099748,-0.0048042,0.0012181,0.002891,0.0014044,-0.0089169,-0.0001616,-0.0019055,0.0018353,-0.0019989
RUS_Lena_River_BA,0.0432527,-0.3716837,0.1093653,0.0234713,-0.112739,-0.0475043,0.00094,0.005692,0.0168393,-0.0068643,0.0102303,-0.0015987,0.0048067,-0.0364243,0.007917,0.002298,-0.0033463,0.000549,0.0073323,0.0154243,-0.0417597,0.020114,0.0130643,-0.0095593,-0.0122147
Mongolian:mongol119,0.05122,-0.330047,0.066373,-0.024871,-0.046778,-0.029284,0.014571,0.018692,0.001432,0.004009,-0.035076,-0.006894,0.002379,-0.001101,0.004479,0.001989,-0.008084,-0.000507,0.003897,0.015507,-0.024831,-0.010263,-0.017255,0.001205,0.004071
Mongol_Inner_Mongolia:17671809290603,0.03187,-0.400119,0.047894,-0.043605,-0.00677,-0.006693,0.00658,0.013615,-0.006749,0.006925,-0.05505,-0.01169,0.007136,0.004266,-0.012758,-0.011535,-0.004172,0.004054,0.00264,5e-04,0.002246,0.000989,0.003451,-0.005663,0.003353
CHN_Amur_River_6330BP,0.01935,-0.44988,0.090886,-0.040375,-0.074168,-0.071396,0.01081,0.016384,0.011658,0.021504,-0.034589,-0.004646,-0.007582,0.004266,-0.0038,-0.004508,-0.006389,0.007981,0.019106,0.016383,-0.008235,-0.026833,-0.030689,0.000361,-0.015807
CHN_Amur_River_6840BP,0.020488,-0.455973,0.078818,-0.042313,-0.063089,-0.057451,0.011045,0.019384,0.008385,0.028429,-0.027931,-0.015436,-0.000595,0.005505,-0.004207,-0.013524,0.001304,0.00152,0.008045,0.025762,-0.007112,-0.028316,-0.024033,-0.013737,-0.014849
CHN_Amur_River_6870BP,0.021626,-0.454957,0.07995,-0.043605,-0.048624,-0.045459,-0.001175,0.010384,0.009817,0.025513,-0.060246,0.000899,0.000595,0.004679,-0.004072,-0.004906,-0.00352,0.001774,0.01257,0.017008,-0.001248,-0.024731,-0.02884,-0.003856,-0.008143
CHN_Amur_River_7000BP,0.023903,-0.445817,0.080327,-0.057171,-0.06155,-0.046017,0.011986,0.015461,0.009408,0.021686,-0.057323,0.00015,-0.003419,0.008395,-0.009636,-0.010607,-0.004955,-0.003674,0.013073,0.019759,0.003868,-0.027822,-0.020089,0.004217,-0.017603
CHN_Amur_River_8100BP,0.014797,-0.444802,0.075424,-0.057171,-0.042162,-0.043228,0.016451,0.012461,0.006136,0.011299,-0.053263,-0.011839,0.005946,0.014726,0.000407,-0.006629,-0.006258,-0.003547,0.010936,0.027638,-0.004243,-0.021021,-0.016762,-0.00494,-0.015807
RUS_Angara_River_N:irk033,0.045529,-0.356451,0.101823,0.01938,-0.097864,-0.043507,-0.00752,-0.003,0.003068,-0.003462,0.009581,-0.002098,0.004906,-0.039635,0.003664,-0.002784,0.000522,0.003041,0.008799,0.028264,-0.033316,0.005193,0.000123,-0.003012,-0.006945
RUS_Lena_River_EN,0.027318,-0.447848,0.103331,-0.031977,-0.092017,-0.061077,0.015511,0.022153,0.01084,0.011481,-0.008282,-0.00045,-0.004757,-0.003165,-0.011265,0.002254,-0.004433,0.000253,0.014204,0.012256,-0.008859,-0.012118,-0.017748,-0.007591,-0.002395
