Mongol_IMAR:73711809187856,0.039838,-0.385901,0.049026,-0.040375,-0.012618,-0.011992,0.0094,0.010615,-0.00409,0.006925,-0.045469,0.00015,0.00223,0.004129,0.000814,-0.002254,-0.005867,0.002154,-0.006159,0.000875,-0.00861,0.002597,-0.000986,-0.005181,0.002275
Mongol_Inner_Mongolia:17671809290603,0.03187,-0.400119,0.047894,-0.043605,-0.00677,-0.006693,0.00658,0.013615,-0.006749,0.006925,-0.05505,-0.01169,0.007136,0.004266,-0.012758,-0.011535,-0.004172,0.004054,0.00264,5e-04,0.002246,0.000989,0.003451,-0.005663,0.003353
Mongol_Xinjiang:15851809198524,0.05122,-0.30669,0.058077,-0.018411,-0.048009,-0.017291,0.013161,0.020768,0.000205,0.003645,-0.02176,-0.002997,-0.001338,-0.000413,0.011536,0.007425,0.007562,-0.002027,-0.006536,0.005753,-0.00836,-0.001484,-0.006162,-0.00241,0.002874
Mongola:HGDP01223,0.033009,-0.417383,0.038466,-0.052649,0.005539,-0.006972,0.008225,0.008077,-0.002454,0.002734,-0.062032,-0.00015,0.00773,-0.006881,-0.001764,-0.001326,-0.002217,-0.00076,0.001131,0.002626,0.001248,-0.005317,-0.000123,0.00241,-0.001197
Mongolian:mongol119,0.05122,-0.330047,0.066373,-0.024871,-0.046778,-0.029284,0.014571,0.018692,0.001432,0.004009,-0.035076,-0.006894,0.002379,-0.001101,0.004479,0.001989,-0.008084,-0.000507,0.003897,0.015507,-0.024831,-0.010263,-0.017255,0.001205,0.004071
Manchu_Jinzhou:64661809199738,0.023903,-0.435662,0.005657,-0.065892,0.044624,0.029005,0.00376,0.003461,-0.00409,0.003645,-0.067878,-0.00045,0.008622,-0.003578,-0.007057,-0.006629,-0.011604,0.006334,-0.000126,-0.013632,0.013102,0.008656,0.018241,0.000723,0.00012
Manchu_Jinzhou:66791809198770,0.017073,-0.443786,0.009805,-0.065246,0.045547,0.015339,0.011751,0.012461,-0.012067,0.001093,-0.071776,0,0.002973,-0.007432,-0.005022,-0.001061,0.001565,0.006841,-0.002263,-0.003502,0.007736,0.015828,0.006902,-0.004458,0.001078
Manchu_Jinzhou:68771809198886,0.023903,-0.446833,0.010182,-0.067184,0.040007,0.022869,0.002115,0.007384,-0.004295,0.00656,-0.064793,-0.002548,0.010258,-0.001927,0.002036,0.006629,0.002086,-0.002534,-0.00264,-0.005503,0.011105,0.015209,0.014173,-0.003253,-0.004431
Manchu_Jinzhou:72091809195303,0.023903,-0.438709,0.020742,-0.065569,0.041238,0.019801,0.006345,0.004615,-0.016157,-0.000364,-0.073887,-0.012739,-0.000297,-0.001101,0.001086,0.004641,0.00013,0.004687,-0.003268,-0.01088,0.013227,0.009769,0.01023,0.004579,0.008502
Manchu_Jinzhou:97381809190420,0.011382,-0.444802,0.007165,-0.065569,0.044008,0.025937,0.001175,0.000462,-0.011862,0.008383,-0.063981,-0.007943,0.009663,-0.007294,-0.005565,-0.00053,-0.000391,0.003421,-0.005154,-0.016133,0.007861,0.001113,0.006409,0.000964,-0.001197
Manchu_Liaoning:15ManX_B0002,0.012521,-0.44988,0.010936,-0.067184,0.052933,0.017291,0.00705,0.002077,-0.005727,0.006196,-0.078596,-0.012439,0.013528,-0.006881,0.002986,-0.004773,0.005476,-0.004941,-0.010056,-0.015007,0.015847,0.00507,0.023294,0.001687,0.00467
Manchu_Liaoning:15ManX_B0003,0.025041,-0.441755,0.000377,-0.065569,0.045547,0.027052,0.011045,0,-0.009408,-0.005832,-0.073724,-0.002847,0.019177,-0.004954,-0.015065,-0.005967,-0.002738,0.0019,-0.004902,-0.016633,0.010981,0.01014,0.00456,0,0.000718
Manchu_Liaoning:15ManX_B0005,0.01935,-0.463081,0.009805,-0.065892,0.050163,0.013387,0.002585,0.008769,-0.01268,0.005467,-0.079895,-0.007943,0.010109,-0.003441,-0.005565,0.002917,-0.000913,0.001394,-0.00264,-0.01063,0.00836,0.007048,0.013188,0.003133,0.002754
Manchu_Liaoning:15ManX_B0006,0.027318,-0.442771,0.007542,-0.062662,0.054164,0.015339,0.003055,-0.003,-0.009817,0.003462,-0.08022,-0.003297,0.023042,0.001927,-0.005022,-0.00053,-0.009518,-0.00228,-0.004022,-0.008129,0.013601,0.000866,0.009613,0.000602,0.000838
Manchu_Liaoning:15ManX_B0011,0.017073,-0.454957,0.009051,-0.060401,0.053241,0.014502,0.005875,-0.004615,-0.015953,0.008565,-0.084117,-0.016485,0.00773,-0.017203,-0.009908,0,0.002347,0.004307,-0.001634,-0.011506,0.008984,0.00371,0.013311,0.000602,0.012574
Manchu_Liaoning:15ManX_B0016,0.028456,-0.450895,0.010182,-0.060401,0.04924,0.016733,-0.00329,0.001385,-0.012885,0.00328,-0.068041,-0.006744,0.00996,-0.005367,-0.009636,-0.001326,-0.009127,-0.000633,-0.001508,-0.015883,0.011355,0.006306,0.006286,-0.004338,-0.002155
Manchu_Liaoning:15ManX_B0017,0.020488,-0.442771,0.014331,-0.0646,0.052625,0.013945,0.003995,-0.001385,-0.01493,-0.001093,-0.06869,0.00015,0.013379,-0.011285,-0.009772,0.002387,-0.000782,-0.008108,-0.004274,-0.008504,0.012228,0.012984,0.005546,-0.000843,-0.001317
Manchu_Liaoning:15ManX_B0019,0.013659,-0.441755,0.007542,-0.069445,0.042777,0.022311,0.006345,0.001385,-0.011658,-0.004374,-0.074374,-0.014087,0.013379,-0.010184,-0.011808,0.008486,0.001825,-0.00114,-0.001383,-0.002876,0.007612,0.019413,0.013557,0.002169,0.005868
Manchu_Liaoning:15ManX_B0020,0.029594,-0.446833,0.007165,-0.072675,0.048317,0.018128,0.013866,0.009923,-0.013703,0.000182,-0.079083,-0.003447,0.015461,-0.000963,-0.008958,0.000663,-0.000652,0.004307,-0.001885,-0.015132,0.017469,0.01051,0.015899,-0.005181,-0.007664
Manchu_Liaoning:15ManX_B0023,0.018212,-0.44988,0.006788,-0.065892,0.057241,0.024821,0.00611,-0.000462,-0.006749,0.00328,-0.075186,-0.004046,0.013231,-0.004129,-0.009636,0.001061,-0.002868,0.004434,-0.002765,-0.010255,0.016471,0.009274,0.008134,0.002048,0.000239
Manchu_Liaoning:15ManX_B0024,0.027318,-0.456988,0.012822,-0.063954,0.048009,0.021753,0.004465,-0.000692,-0.00634,0.00656,-0.078921,-0.002997,0.013677,-0.003716,-0.012486,0.001061,0.005998,-0.006208,-0.002765,-0.002876,0.006988,0.001855,0.000986,0.003494,0.010059
Manchu_Liaoning:15ManX_B0025,0.023903,-0.443786,0.010182,-0.059109,0.039392,0.024263,0.007285,0.000923,-0.018203,0.00328,-0.07681,-0.007194,0.013974,-0.003578,-0.011536,-0.004375,0.008084,0.001647,-0.006913,-0.012756,0.01123,0.020774,0.006532,-0.006386,0.001676
Manchu_Liaoning:15ManX_B0025_2,0.023903,-0.443786,0.010559,-0.059432,0.0397,0.024542,0.007755,0.001154,-0.018612,0.003098,-0.076485,-0.007044,0.013677,-0.00289,-0.011265,-0.004243,0.007823,0.001394,-0.007039,-0.012756,0.011105,0.021021,0.006655,-0.006386,0.001437
Manchu_Liaoning:15ManX_B0026,0.01935,-0.445817,0.004148,-0.062339,0.057241,0.02008,0.00799,0.001846,-0.00225,0,-0.078109,-0.00045,0.014866,-0.009909,-0.009229,-0.000133,0.004433,0.004687,-0.008799,-0.018634,0.007112,0.012489,0.002835,-0.000843,-0.001197
Manchu_Liaoning:15ManX_B0027,0.022765,-0.456988,0.007542,-0.060724,0.047701,0.013945,0.005875,0.011999,-0.011044,0.014943,-0.076647,-0.008992,0.006244,0.003853,-0.0038,0.00358,0.002999,0.004814,0.002514,-0.01038,0.004617,0.008903,0.011709,0.000843,0.004431
Manchu_Liaoning:15ManX_B0029,0.015935,-0.444802,0.009805,-0.062662,0.056318,0.025379,0.005875,0.002769,-0.006136,-0.001093,-0.072263,-0.006294,0.010852,-0.003853,-0.008686,0,0.001565,0.001267,-0.005154,-0.012256,0.014849,-0.009769,0.006655,0.002651,-0.003473
Manchu_Liaoning:15ManX_B0030,0.022765,-0.442771,0.016593,-0.057171,0.040931,0.017291,0.00752,0.006692,-0.014521,-0.001093,-0.064955,-0.002098,0.012487,-0.006468,0,-0.000265,0.008214,-0.00076,-0.007165,-0.007879,0.009982,-0.000124,0.005669,0.002651,-0.002634
Manchu_Liaoning:15ManX_B0031,0.027318,-0.443786,0.015462,-0.071383,0.053548,0.020359,0.009635,0.006461,-0.01268,0.000729,-0.072425,-0.009292,0.008325,-0.00867,-0.0057,0.002387,0.005737,-0.006208,-0.003394,-0.006503,0.013975,0.012489,0.006779,0.002892,0.009221
Manchu_Liaoning:15ManX_B0034,0.022765,-0.450895,0.011691,-0.064923,0.043085,0.013387,0.004935,0.001154,-0.012067,0.004009,-0.077297,-0.014387,0.012636,-0.008395,-0.003393,-0.001591,0.001565,0.005574,-0.007668,-0.008754,0.00574,0.013602,0.007148,0.000361,0.003113
Manchu_Liaoning:15ManX_B0036,0.022765,-0.454957,0.008297,-0.069445,0.059088,0.022032,0.00705,0.001615,-0.008795,-0.000547,-0.080707,-0.008692,0.018137,-0.006193,-0.014386,0.000398,0.005476,-0.002534,-0.006159,-0.009379,0.01722,0.009892,0.014173,-0.00241,0.005269
Manchu_Liaoning:15ManX_B0037,0.018212,-0.443786,0.012068,-0.067184,0.040007,0.021196,0.00564,0.005307,-0.00409,0.007107,-0.065443,-0.007194,0.009217,-0.006055,-0.001764,0.001591,0.005346,0.003674,-0.00905,-0.004502,0.018592,0.007048,0.012448,0.00253,-0.006706
Manchu_Liaoning:15ManX_B0040,0.021626,-0.451911,0.006034,-0.070737,0.0437,0.022869,0.008225,-0.000923,-0.009817,-0.004009,-0.072263,-0.004496,0.013677,-0.005505,-0.007872,0.004906,0.000782,-0.006714,-0.004399,-0.005878,0.01123,0.001731,0.010969,-0.004097,0.005149
Manchu_Liaoning:15ManX_B0042,0.021626,-0.453942,0.016216,-0.071383,0.060011,0.028726,-0.000705,-0.004615,-0.011658,0.000547,-0.071776,-0.012589,0.008325,-0.012111,-0.016694,-0.001193,0.003129,0.003801,-0.002388,-0.017508,0.011605,0.011005,0.021692,0.001325,-0.00012
