CHN_Tanshishan_N,0.005691,-0.427538,-0.04186,-0.058463,0.123408,0.055778,-0.00846,-0.01823,-0.020043,-0.024055,0.035076,3e-04,-0.004906,0.003578,-0.000271,0.014585,0.001825,0.001267,0.003017,-0.012256,0.005865,-0.009398,0.002958,-0.007832,-0.03341
Han_Shandong:Han220,0.01935,-0.44988,0.004525,-0.061693,0.05201,0.018686,0.00658,0.001154,-0.011862,-0.001093,-0.072425,-0.005395,0.012933,-0.007019,-0.010179,0.004641,0.002738,-0.00114,-0.004274,-0.009505,0.006613,0.001237,0.018734,-0.002169,0.002634
Han_Shandong:Han25,0.018212,-0.444802,0.001508,-0.05491,0.052625,0.028726,0.008695,0.000462,-0.010226,-0.001276,-0.068366,-0.010641,0.013379,-0.016515,-0.016829,-0.002784,0.000913,0.00228,-0.00088,-0.011756,0.013476,0.013973,0.011709,0.002048,0.003233
Han_Shandong:Han4,0.020488,-0.452926,0.00528,-0.064923,0.05878,0.022311,0.011751,0.005307,-0.011249,-0.000729,-0.073887,-0.002098,0.006244,-0.001376,0.0019,0.00305,0.002999,-0.000633,-0.007919,-0.007504,0.002496,0.013478,0.008997,0.004338,-0.004071
Han_Shandong:Han853,0.018212,-0.44988,0.016593,-0.066215,0.044931,0.018128,0.003525,0.000231,-0.009817,0.010752,-0.075998,-0.012289,0.003419,-0.002752,-0.005293,-0.000663,0.001434,-0.003041,0.001131,-0.009755,0.017095,0.008408,0.006532,0,0.001676
Han_Shanghai:Han24,0.03187,-0.44988,-0.00528,-0.064277,0.064012,0.034304,-0.000705,0.004384,-0.015953,-0.006378,-0.076972,-0.017834,0.013082,-0.002202,-0.006243,0.009281,0.004694,0.00114,0.004399,-0.017383,0.014849,0.00779,0.01861,-0.002892,-0.009939
Han_Shanghai:Han496,0.027318,-0.444802,0.001886,-0.074613,0.052933,0.030957,0.00799,0.000462,-0.014317,-0.000729,-0.075186,-0.013188,0.009663,-0.00289,-0.001086,0.006232,0.002999,0.007601,0.004902,-0.016758,0.018218,0.00779,0.0053,-0.003253,-0.000359
Han_Shanxi:Han115,0.029594,-0.44988,0.018479,-0.061047,0.053241,0.014223,0.013161,0.000923,-0.015953,0.000729,-0.07616,-0.006594,0.013974,-0.014588,-0.007329,-0.008884,-0.00339,-0.005321,-0.005656,0.000875,-0.00025,0.01694,0.011955,-0.001446,0.002155
Han_Shanxi:Han1603,0.030732,-0.432616,0.019233,-0.062985,0.039392,0.013666,0.01034,0.000231,-0.010431,0.010023,-0.077459,-0.006744,0.014271,0.002064,-0.001764,0.003447,0.003651,0.005574,-0.000377,-0.005628,0.010981,0.011871,0.016145,0.002289,-0.003113
Han_Shanxi:Han1843,0.026179,-0.442771,0.00792,-0.056848,0.047086,0.018128,0.00376,-0.000462,-0.005727,0.008747,-0.072912,-0.011989,0.009812,0.002202,-0.017779,0.00358,0.007562,0.003041,-0.013073,-0.010505,0.006988,0.008532,0.00986,-0.001325,-0.000239
Han_Shanxi:Han1897,0.023903,-0.437693,0.010936,-0.058786,0.045547,0.008367,0.003995,-0.000231,-0.010635,0.004374,-0.0734,-0.014387,0.011744,-0.018304,-0.00095,0.011138,0.005737,-0.00114,-0.004148,-0.006503,0.010482,0.008532,0.001232,0.00723,0.007185
Han_Shanxi:Han1899,0.026179,-0.439724,0.019233,-0.049419,0.044316,0.01004,0.002115,-0.001154,-0.011862,0.007107,-0.075348,-0.007643,0.010109,-0.012937,-0.003664,-0.002784,0.000913,0.000887,-0.002514,0.000375,0.00861,0.011252,0.017255,-0.001807,0.006826
Han_Henan:Han1226,0.028456,-0.434647,0.009051,-0.057494,0.051394,0.015897,-0.00376,0.000462,-0.015135,0.011481,-0.066904,-0.014537,0.016947,-0.013487,-0.004886,0.000265,-0.002347,0.002787,0.00352,0.002376,0.011729,0.01014,0.012325,-0.014098,-0.000958
Han_Henan:Han1243,0.026179,-0.437693,0.012445,-0.065569,0.047393,0.016455,0.00752,0.000462,-0.007158,0.008018,-0.079408,-0.017085,0.013082,-0.013487,-0.005836,0.001061,0,0.006968,-0.00817,-0.006878,0.008485,0.008903,0.007272,-0.000482,-0.00012
Han_Henan:Han1713,0.026179,-0.453942,0.014331,-0.06783,0.048624,0.023148,0.00752,0.006692,-0.009408,-0.000182,-0.077622,-0.006145,0.008176,-0.005367,-0.008822,0.005834,0.005998,-0.002154,-0.000503,-0.01038,0.012104,0.006306,0.011092,0.004097,-0.007424
Han_Henan:Han1714,0.01935,-0.452926,0.006034,-0.068476,0.047701,0.026216,0.011986,0.006692,-0.020657,0.003827,-0.078758,-0.009891,0.01219,-0.001514,-0.003936,-0.001061,0.005215,-0.006968,0.001634,-0.008504,0.009358,0.005317,0.011216,-0.000723,-0.000718
Han_Henan:Han894,0.027318,-0.441755,0.002263,-0.062339,0.057549,0.020359,0.01034,0.002538,-0.015748,-0.004191,-0.079083,-0.009442,0.010258,-0.007982,-0.001629,-0.006099,0.003912,-0.006461,-0.003897,0.001501,0.012852,0.006183,0.000739,0.002771,-0.00012
Han_Jiangsu:Han1452,0.018212,-0.451911,0.001508,-0.071383,0.067089,0.018686,0.009165,-0.003692,-0.013499,0.006014,-0.07275,-0.007194,0.008176,-0.011285,-0.012079,-0.003315,0.000913,0.007728,-0.00352,-0.004502,0.016097,0.009769,0.017748,-0.003976,0.00479
Han_Jiangsu:Han1962,0.025041,-0.463081,0.003017,-0.072675,0.061858,0.025937,0.010575,0.005077,-0.016362,0.000911,-0.06593,-0.007943,0.013379,-0.005505,-0.004072,0.004508,-0.002477,0.000887,0.00352,-0.011881,0.009109,0.002226,0.008134,0.003976,-0.006945
Han_Jiangsu:Han2054,0.018212,-0.458004,-0.003017,-0.070414,0.057857,0.032072,0.00564,0,-0.011862,0.00328,-0.073562,-0.010041,0.006838,-0.003991,-0.01045,-0.009546,-0.00691,0.003041,-0.007165,-0.011255,0.014849,0.00371,0.009737,-0.000241,0.006706
Han_Jiangsu:Han2057,0.023903,-0.455973,-0.003017,-0.061693,0.064627,0.02761,0.00893,0.006692,-0.016975,0.003827,-0.068041,-0.007643,0.014717,-0.016928,-0.008007,-0.008221,-0.002868,0.002154,-0.008925,-0.008129,0.012104,0.007543,0.007518,-0.001325,-0.001437
Han_Jiangsu:Han2058,0.020488,-0.450895,0.008674,-0.072675,0.057857,0.028726,0.005405,-0.007384,-0.013908,0.001458,-0.078271,-0.003897,0.00996,-0.003441,-0.0019,-0.002121,0.00352,-0.00114,-0.006034,-0.012506,0.014599,0.003957,0.016638,0.001325,-0.008742
Han_Jiangsu:Han2076,0.026179,-0.447848,-0.003017,-0.073967,0.069244,0.035698,0.00752,-0.000692,-0.014521,-0.000729,-0.06122,-0.003297,0.013677,-0.010184,-0.005565,0.009016,0.001043,0.008235,-0.00088,-0.01063,0.014974,0.000124,0.01861,-0.006386,-0.005389
Han_Jiangsu:Han2090,0.025041,-0.454957,-0.006788,-0.06783,0.066166,0.024542,0.003995,0.000692,-0.012271,0.00492,-0.055862,-0.012739,0.011447,-0.005643,-0.01045,0.002917,0.004433,-0.00266,-0.004148,-0.02101,0.011355,0.009274,0.010599,-0.000241,0.000718
Han_Hubei:Han2161,0.028456,-0.455973,0.000377,-0.065569,0.067397,0.029005,0.009635,-0.003461,-0.015135,0.001093,-0.052289,0.002248,0.009366,-0.010322,-0.015336,0.001856,-0.002477,-0.00228,-0.008422,-0.016008,0.020464,0.005935,0.011832,-0.003856,-0.004191
Han_Hubei:Han2162,0.026179,-0.451911,0.003771,-0.066861,0.075399,0.034304,-0.00141,-0.007615,-0.012476,0.004191,-0.052776,-0.004196,0.009514,-0.012799,-0.006107,-0.002652,0.000913,0.00266,-0.002891,-0.014757,0.023334,-0.002844,0.015036,-0.008194,-0.008981
Han_Hubei:Han788,0.015935,-0.456988,-0.011691,-0.073967,0.0834,0.034025,-0.010575,-0.000231,-0.011453,0.004738,-0.056349,-0.002098,0.003568,-0.003853,-0.008415,-0.004641,0.002999,0.005574,0.003645,-0.006628,0.020589,0.002102,0.014666,0.005784,-0.005748
Han_Hubei:Han789,0.021626,-0.460035,-0.00792,-0.063954,0.075706,0.030957,0.00423,-0.003231,-0.01718,0.002916,-0.052289,-0.014087,0.009366,-0.011698,0.000679,0.001061,0.007171,-0.001394,-0.00993,-0.012006,0.017968,0.001978,0.013434,0.000361,-0.001437
Han_Hubei:Han874,0.018212,-0.447848,-0.014331,-0.065569,0.072937,0.032909,-0.000705,-0.007615,-0.01268,-0.001822,-0.046605,-0.010041,0.011893,0.001789,0.002714,0.004906,0.000913,0.000127,-0.003142,-0.017383,0.019341,0.003833,0.012078,0.002771,-0.005508
Han_Sichuan:Han1709,0.017073,-0.444802,0.000377,-0.06783,0.066782,0.031515,0.002115,-0.007384,-0.00409,0.004374,-0.06593,-0.004346,0.009663,-0.004817,-0.008958,0.004375,-0.00013,-0.007348,-0.005028,-0.007879,0.002745,0.006183,0.010353,-0.00253,0.005149
Han_Sichuan:Han1917,0.020488,-0.448864,-0.015085,-0.06137,0.079707,0.034861,0.005875,-0.004384,-0.009613,-0.005103,-0.054563,-0.014087,0.023191,-0.012524,-0.011401,0.003713,0.001173,0.003927,0.001131,-0.004627,0.012353,-0.002102,0.011585,0.000964,-0.005508
Han_Chongqing:Han1968,0.022765,-0.451911,-0.013576,-0.070737,0.084939,0.035977,0.002585,0.003231,-0.017385,0.002187,-0.045306,-0.002997,0.006095,-0.011698,-0.005022,0.002387,0.004433,-0.005574,0.004525,-0.004002,0.010856,0.00779,0.008874,0.001807,0.009819
Han_Chongqing:Han2150,0.01935,-0.456988,-0.011314,-0.069445,0.084016,0.032351,0.00282,-0.003923,-0.015748,-0.005285,-0.046281,-0.005395,0.013379,-0.004129,-0.006107,-0.001458,0.002217,-0.000127,0.005656,-0.012506,0.011105,0.00779,0.019596,0.002048,0.000838
Han_Chongqing:Han516,0.021626,-0.448864,-0.013576,-0.062016,0.086785,0.04267,-0.002115,-0.005538,-0.018203,-0.008018,-0.052939,-0.003447,0.012785,0.004404,-0.003393,0.000663,-0.003651,0.000887,0.00176,-0.004252,0.021337,0.009645,0.020213,-0.003253,0.003952
Han_Fujian:Han1467,0.020488,-0.452926,-0.017725,-0.07106,0.095402,0.039045,0.003055,-0.007154,-0.015748,0.003462,-0.049366,-0.007343,0.006095,-0.00867,-0.006379,-0.003713,0.001173,0.00152,-0.007039,-0.012506,0.011105,0.011623,0.025636,-0.000361,-0.007903
Han_Fujian:Han1619,0.020488,-0.445817,-0.015839,-0.068476,0.089863,0.038208,0.00517,0.001154,-0.016157,-0.004738,-0.049041,-0.006294,0.00669,-0.010459,-0.000407,-0.002652,0.005737,-0.000253,-0.006285,-0.015132,0.020464,0.010387,0.015899,-0.001205,0.000239
Han_Fujian:Han1900,0.014797,-0.455973,-0.006411,-0.063954,0.077861,0.042112,-0.004935,0.004384,-0.012885,-0.000729,-0.05034,-0.003147,0.002676,-0.010872,-0.007057,-0.003845,0.004172,0.003167,0.004399,-0.009129,0.019715,-0.005564,0.015652,0.005663,-0.00479
Han_Fujian:Han1934,0.01935,-0.454957,-0.012822,-0.074613,0.086785,0.038487,0.00564,0.000231,-0.018816,-0.002369,-0.051802,-0.001049,0.00892,-0.011147,-0.005022,0.001856,0.000652,0.001774,0.004902,-0.015507,0.011355,0.003091,0.016269,0.007712,-0.01413
Han_Fujian:Han1994,0.01935,-0.450895,-0.019987,-0.06137,0.082477,0.039881,0.00141,-0.008077,-0.009817,-0.004009,-0.054725,-0.005845,0.00446,-0.00578,-0.009229,0.000663,-0.000522,0.001774,-0.005908,-0.015758,0.023708,0.004328,0.00986,0.007471,-0.006945
Han_Guangdong:Han1207,0.029594,-0.451911,-0.006788,-0.068799,0.085862,0.040439,0.005405,-0.003692,-0.01493,-0.000182,-0.046118,-0.003147,0.013082,-0.005505,-0.001493,0.001989,-0.001956,-0.00038,0.000628,-0.022136,0.017095,0.01558,0.015899,0.000361,0.002275
Han_Guangdong:Han1235,0.012521,-0.456988,-0.018479,-0.077843,0.096941,0.049085,0.003525,-0.008538,-0.023929,-0.010934,-0.032802,-0.005245,0.011298,-0.002477,-0.004343,0.003182,-0.004433,0.005321,-0.006411,-0.007754,0.012228,0.014838,0.009367,-0.010483,0.000479
Han_Guangdong:Han1415,0.01935,-0.44988,-0.020365,-0.070737,0.112021,0.056615,-0.000235,-0.007384,-0.011044,-0.007654,-0.019162,-0.008992,0.014271,-0.004679,-0.006515,0.006364,0,0.010388,-0.004399,-0.01063,0.009982,0.004822,0.014297,-0.006145,0.002874
Han_Guangdong:Han1432,0.018212,-0.458004,-0.029038,-0.072998,0.108636,0.051316,-0.005405,-0.006,-0.016975,-0.009112,-0.017538,-0.001649,0.001635,-0.010046,-0.00475,-0.003315,-0.001434,-0.000887,0.003394,-0.016758,0.013975,0.009645,0.006902,-0.00012,-0.012574
Han_Guangdong:Han1434,0.020488,-0.44074,-0.021873,-0.068799,0.096633,0.046017,0.00188,-0.016615,-0.014521,-0.008565,-0.036375,-0.000899,-0.001189,0.000413,-0.0038,0.008618,0.005346,0.004941,-0.000503,-0.020885,0.010107,0.003091,0.013064,0.008314,0.004071
Han_Guangdong:Han2087,0.017073,-0.459019,-0.02489,-0.072029,0.096633,0.035698,-0.00047,-0.009692,-0.019021,-0.00893,-0.036862,-0.002398,0.002825,-0.003165,0.001764,-0.001458,-0.00339,-0.003041,0.003268,-0.015758,0.01672,0.006677,0.011832,0.009158,-0.004311
Han_Guangdong:Han2088,0.017073,-0.450895,-0.024136,-0.065569,0.110482,0.054384,-0.00282,-0.00923,-0.005318,-0.00164,-0.025495,-0.002997,-0.001487,-0.003028,-0.010179,0.003182,0.00352,-0.000633,-0.000628,-0.015758,0.015972,0.005935,0.017008,0.000361,-0.011376
