Russian_Smolensk:SM256_russian_Smolensk,0.133173,0.114755,0.070144,0.0646,0.038469,0.023706,0.014571,0.014538,0.001432,-0.021322,-0.00682,-0.004346,0.018583,0.033167,-0.004207,-0.008486,-0.000522,0.004434,0.001383,-0.001876,-0.002995,-0.001731,0.006655,-0.007953,-0.003353
Turkish_Balikesir:TDP_Balikesir01,0.095611,0.037575,-0.003017,-0.031331,-0.016926,-0.004462,0.012926,-0.003231,-0.021066,0.000364,-0.006171,0.001499,-0.003122,0.006606,-0.008415,0,-0.00339,-0.001014,0.005405,0,-0.000499,-0.006183,0.004437,-0.007712,-0.000838
Turkish_Deliorman:Turkish_Eskicuma1,0.111547,0.092413,0.020365,0.00323,0.013541,0.003626,0.00235,0.003231,-0.003068,0.002916,-0.001137,-0.007194,0.013974,-0.000826,-0.006107,0.003447,0.013821,0.005194,0.003645,0.000125,0.007861,-0.005688,-0.001602,0.003133,0.000239
Greek_Dodecanese:673,0.110408,0.139128,-0.015085,-0.035853,0.000923,-0.009482,0.00423,-0.001154,-0.005522,0.017859,0.002598,0.002698,-0.010406,-0.007707,-0.020087,-0.005436,0.010691,0.00228,0.002765,-0.003252,-0.008111,0.001607,-0.001602,-0.008194,-0.006107
Greek_East_Macedonia_and_Thrace:MAK147,0.122929,0.137096,0.018102,-0.005814,0.028621,-0.006693,0.00752,0.003231,0.001432,0.006925,0.000812,-0.005995,0.004162,0.012248,-0.019815,-0.005038,-0.002217,-0.002534,0.006788,0.001751,-0.011605,0.005317,-0.000246,-0.00482,-0.000718
Greek_Achaea:AHA-8,0.110408,0.149283,0.006034,-0.027132,0.016003,-0.005299,0.006815,0.001154,0.0045,0.008018,0.001624,-0.001499,-0.003271,0.01445,-0.012893,-0.007292,-0.00352,-0.003294,0.007165,-0.01113,-0.00861,0.002844,0.003328,-0.005784,-0.001197
Greek_Achaea:AHA-9,0.118376,0.139128,0.010559,-0.022933,0.020004,-0.013387,0.000235,-0.000462,0.00859,0.010205,0.002436,0.000749,0.00446,-0.003303,-0.010858,0.0118,0.021253,0.00076,0.003897,0.000625,-0.006489,-0.002226,0.003821,0.008555,-0.003832
Greek_Apulia:PuG12,0.10927,0.153345,-0.003394,-0.042959,0.010463,-0.018407,-0.00329,-0.003,0.002454,0.015672,0.001786,-0.003897,-0.013082,0.008533,-0.011401,-0.000133,-0.002347,0.000507,0.001131,-0.006003,-0.010731,0.000124,0.002711,0.006627,-0.007544
Greek_Apulia:PuG17,0.113823,0.150298,0.002263,-0.041667,0.018465,-0.01255,-0.00517,0.004154,0.008181,0.027335,-0.006008,0.007643,-0.012487,-0.007432,-0.002172,0.002784,0.01017,-0.002027,0.003017,-0.005002,0.00262,0.003091,0.002465,0,0.002155
Telugu:HG03781.SG,0.043253,-0.084289,-0.168196,0.11079,-0.071706,0.063308,0.006345,0.014769,0.042745,0.031527,-0.008444,-0.00015,0.003865,-0.002752,-0.005565,-0.000133,0.002477,-0.000253,0.002263,0.006878,0.010357,0.004822,-0.00037,0.004458,-0.010538
Telugu:HG03782.SG,0.037562,-0.064994,-0.168196,0.105622,-0.082785,0.070838,-0.000705,0.006231,0.035587,0.01877,-0.004384,0.007643,0.006987,0.008257,-0.003664,-0.011668,-0.007432,-0.00228,-0.001508,-0.000125,0,-0.000124,0.005546,0.003494,-0.003712
Telugu:HG03784.SG,0.045529,-0.090382,-0.18856,0.118865,-0.079707,0.066934,-0.002115,0.016153,0.044586,0.034078,-0.003897,0.005245,-0.000446,0.004404,-0.006107,-0.001856,0.012256,-0.001394,-0.000251,0.007504,-0.003369,0.002844,-0.00037,0.001325,0.002275


Moroccan_Jew:MoroccanJew5126,0.078538,0.147252,-0.016216,-0.063631,0.012618,-0.021753,-0.007285,-0.006231,0.02352,0.028611,0.00406,-0.002098,0.004162,-0.00578,0.004614,-0.005569,-0.016168,-0.004434,-0.008296,-0.007754,-0.000125,-0.003833,0.00456,0.002651,0.002994
Moroccan_Jew:MoroccanJew5168,0.0774,0.135065,-0.008297,-0.064277,0.007694,-0.01757,-0.016686,-0.004615,0.014317,0.019864,0.008444,-0.000599,0.004162,-0.007294,0.006515,0.004773,0.014081,-0.003927,-0.017221,-0.006878,-0.004617,-0.011376,0.007025,0.000241,0.000958
Moroccan_North:MCH11,-0.017073,0.142174,0.004903,-0.060078,0.030775,-0.028726,-0.042067,0.009,0.062175,0.045012,0.001299,-0.008243,0.02334,-0.016102,0.016965,-0.014054,-0.006258,-0.009755,-0.050908,0.014882,-0.013102,-0.029924,0.017501,-0.011568,0.005269
Moroccan_North:MCH12,-0.033009,0.139128,0.00528,-0.066538,0.042777,-0.039602,-0.029376,0.005538,0.068515,0.025695,0.010068,-0.01124,0.030029,-0.005367,0.021715,-0.016971,-0.002738,-0.016723,-0.040223,0.011005,-0.019965,-0.041671,0.028593,-0.012773,0.002155
Moroccan_North:MCH13,-0.013659,0.129988,-0.001508,-0.062016,0.01908,-0.035419,-0.017391,0.006923,0.070356,0.044466,-0.006171,-0.001199,0.018731,-0.01968,0.002036,-0.017237,-0.004563,-0.025211,-0.048394,0.005628,-0.009982,-0.035117,0.027484,-0.008917,0.005389
Punjabi_Lahore:HG03765.SG,0.063741,-0.024373,-0.124827,0.091732,-0.065243,0.0502,0.007755,0.01223,0.012067,0.008018,-0.004222,3e-04,-0.004906,-0.009358,0.006786,0.008751,0.005998,-0.004054,0.003645,-0.008879,-0.003119,-0.009027,0.00419,-0.009278,0.000479
Punjabi_Lahore:HG03767.SG,0.087644,0.01828,-0.106348,0.056202,-0.069859,0.041555,0.003525,-0.000692,-0.00634,-0.011481,-0.010718,-0.010041,0.004757,-0.0139,0.008958,0.023999,-0.00326,-0.000633,0.003645,-0.015883,0.002995,-0.004822,0.006532,-0.005784,0.006107
Punjabi_Muslim_India:22413,0.063741,-0.016248,-0.12181,0.063308,-0.061242,0.04016,-0.003525,0.003692,0.022089,0.020046,-0.004547,0.004046,-0.003568,0.001651,-0.001493,0.00305,0.004433,0.002914,-0.002891,0.004127,-0.000374,-0.000371,0.001972,-0.000964,0.004311
Punjabi_Muslim_India:23026,0.066017,-0.011171,-0.113513,0.074936,-0.065858,0.049643,0,0.005538,-0.005113,0.001276,-0.007957,0.005095,-0.00446,-0.005643,0.011265,0.00769,0.002999,0.003041,0.005154,-0.011506,0.000125,-0.007914,0.005793,-0.001566,-0.00479
Punjabi_Sikh_India:PanSikh12007,0.076261,0.012186,-0.092395,0.082042,-0.066474,0.043786,-0.002585,0.003692,-0.002454,-0.012757,-0.010068,-0.001948,0.003865,-0.007569,0.017101,0.013524,0.001565,0.002914,0.00352,-0.006128,-0.007237,-0.00272,0.006409,0.000843,-0.003233
Punjabi_Sikh_India:PanSikh12467,0.067156,-0.006093,-0.111251,0.079781,-0.072937,0.040997,-0.005405,0.000923,0.003272,-0.006014,-0.006008,-0.002548,-0.001784,-0.001101,0.011401,-0.004641,-0.02034,0.002154,0.004274,-0.016008,-0.006489,-0.005688,0.006162,-0.001687,0
Romanian:G434,0.112685,0.131003,0.032432,0.005491,0.031083,0.005578,0.00752,0.005307,0.009613,0.002005,-0.004547,-0.004496,-0.005054,0.012111,-0.0057,0.006497,0.005867,-0.007855,0.008422,-0.001376,-0.000125,-0.007048,0.003944,0.003735,-0.002395
Romanian:RO001,0.122929,0.13405,0.036958,0.005491,0.025543,0.009482,0.00517,0.003231,0.008795,0.004556,0.000325,-0.002997,0.002676,0.013625,-0.008686,-0.015646,-0.007041,0.003167,0.008925,-0.002251,-0.009733,-0.000371,0.006286,0.001687,0.00479
Romaniote_Jew:Romaniote1,0.091058,0.147252,-0.022627,-0.061693,-0.002462,-0.020359,-0.0047,-0.001846,0.006954,0.02442,0.004384,-0.001649,-0.00223,-0.008945,-0.0019,0.008618,0.020079,-0.005194,-0.002514,0.002501,0.005241,-0.005812,0.001109,0.006145,-0.002036
Romaniote_Jew:Romaniote2,0.091058,0.140143,-0.014708,-0.063954,0.008617,-0.022032,-0.00611,-0.004615,0.003886,0.019864,0.002111,0.007044,-0.001487,-0.001376,-0.004207,0.000133,0.008214,-0.000253,-0.002514,0.003001,0.001373,0.000618,-0.000123,-0.00241,0.003832
Algerian:ALG400,-0.03187,0.140143,-0.009805,-0.072675,0.020927,-0.034025,-0.024676,0.012692,0.065243,0.040456,0.006333,-0.001499,0.02884,-0.024084,0.016965,-0.010342,-0.007171,-0.01875,-0.045377,0.016133,-0.010232,-0.037838,0.014297,-0.001687,0.008742
Algerian:ALG600,-0.033009,0.141159,-0.005657,-0.076551,0.025235,-0.03263,-0.038072,-0.006692,0.06013,0.039181,-0.000812,-0.006744,0.008474,-0.011147,0.013165,-0.01074,0.003912,-0.018116,-0.029288,0.004752,-0.005989,-0.02844,0.017501,-0.004338,0.004191
Syrian_Jew:SyriaJewK6,0.08992,0.142174,-0.026776,-0.062339,-0.001846,-0.020638,-0.005405,-0.003692,0.002659,0.012028,0.005684,0.001349,0.005054,0.00289,0.001493,-0.006762,-0.007432,-0.001267,-0.003142,-0.004252,-0.002121,-0.001484,0.006532,-0.003012,0.001197
Syrian_Jew:SyriaJewSY06,0.084229,0.14319,-0.044877,-0.070737,-0.009848,-0.023427,-0.00329,-0.001154,-0.001432,0.004738,0.007145,-0.00045,0.005946,-0.003303,-0.001764,0.008353,-0.000522,-0.003801,-0.004399,-0.005378,0.004617,-0.00507,-0.000493,-0.000602,0.003473
Syrian:Ber10AH252,0.081953,0.126941,-0.052043,-0.056525,-0.023081,-0.012829,-0.00329,-0.001615,-0.001432,-0.005649,0.001786,-0.002997,0.003271,-0.003441,-0.0019,0.022142,0.008214,0.012289,0.005908,0.001501,-0.00861,0.002597,-0.001109,0.005904,-0.001676
Syrian:Ber12AG184,0.08992,0.117801,-0.038466,-0.057494,-0.020004,-0.011156,-0.002585,-0.011076,-0.020043,0.008565,-0.001299,-0.001349,0.000297,0.005092,-0.000136,-0.016706,-0.009779,-0.000127,-0.001006,0.000125,0.007736,0.002844,-0.000616,-0.003976,-0.000599
Syrian:Ber12AL16,0.021626,0.112724,-0.05506,-0.059755,-0.023081,-0.029841,-0.00423,0.006461,0.003681,-0.015855,0.006983,-0.008692,0.028394,-0.001239,0.009093,0.007027,-0.023078,-0.003041,0.004902,0.025512,0.003119,0.002226,0.002588,-0.001928,0.001317
Tamil_Sri_Lanka:HG03741.SG,0.036423,-0.097491,-0.168573,0.116604,-0.066782,0.05773,0.00094,0.015461,0.052358,0.03098,-0.001461,-0.004196,-0.0055,0.003991,-0.013165,-0.005038,0.018254,-0.004054,-0.006034,0.002501,-0.003743,-0.004699,-0.001109,-0.003374,-0.006466
Tamil_Sri_Lanka:HG03743.SG,0.025041,-0.126941,-0.197611,0.12371,-0.072629,0.063866,-0.00752,0.010846,0.065652,0.04155,-0.00406,-0.002847,0.001189,0.007019,-0.014115,-0.005569,0.01708,-0.00114,0.005028,0.019009,0.009858,0.014467,0.00419,0.00964,-0.005628
Saudi:SaudiA10,0.05122,0.136081,-0.065996,-0.103683,-0.013541,-0.04267,-0.01081,-0.013153,0.039678,-0.005467,0.015914,-0.031472,0.048315,-0.005505,-0.004072,0.030893,-0.007041,0.00152,-0.000126,0.028639,0.010357,0.00915,-0.007641,0.006507,-0.008143
Saudi:SaudiA4,0.05805,0.14319,-0.064488,-0.116604,-0.01508,-0.041555,-0.014336,-0.009,0.048881,-0.004191,0.01429,-0.027126,0.056788,0.00055,-0.0019,0.027048,-0.016298,0.002787,0.003645,0.029139,0.009358,0.014344,-0.00912,0.009881,-0.008382
Saudi:SaudiA8,0.037562,0.136081,-0.064111,-0.111759,-0.012925,-0.048806,-0.014806,-0.011307,0.052972,-0.007836,0.02111,-0.036118,0.063032,-0.000826,0.003936,0.0297,-0.024121,0.002027,-0.005908,0.026638,0.012852,0.020526,-0.003081,0.006507,-0.00934
SaudiA:APPG7555949,0.062603,0.135065,-0.056945,-0.096254,-0.003077,-0.035698,-0.010105,-0.013615,0.042745,-0.002916,0.011042,-0.024129,0.05441,0.003716,-0.004072,0.025192,-0.017993,0.011909,0.000251,0.024262,0.015972,0.008037,-0.006779,0.003012,-0.006466
SaudiA:APPG7555950,0.05805,0.123895,-0.058077,-0.090763,-0.018465,-0.030399,-0.012926,-0.002077,0.026793,-0.012574,0.011854,-0.032971,0.045936,0.009083,0.006107,0.015513,-0.029076,-0.003294,0.001634,0.006878,0.011979,0.015704,-0.009737,0.001325,-0.001197
Iranian_Persian_Shiraz:SHII91,0.076261,0.097491,-0.056945,-0.023902,-0.044624,0.005857,0.002585,-0.006692,-0.025361,-0.018406,0.002436,-0.008093,0.003865,-0.005505,0.002172,0.022275,0.007432,-0.006081,-0.008045,-0.003877,0.004118,-0.004204,0,-0.007953,0.012214
Iranian_Persian_Shiraz:SHII94,0.084229,0.073118,-0.070522,-0.014858,-0.042469,0.008646,-0.002585,0.005307,-0.01718,-0.006378,0.001137,-0.003897,0.008028,-0.000413,-0.002036,0.006762,0.005346,0.007348,0.001006,0.001376,-0.002496,-0.009521,-0.002218,-0.010724,0.006466
Iranian_Zoroastrian:I001,0.105855,0.106631,-0.059585,-0.02907,-0.048317,0.006972,-0.00047,-0.006923,-0.024543,-0.006378,-0.003897,-0.002248,0.007879,-0.007569,0.004614,0.019225,0.006389,-0.006968,0.000126,-0.003877,-0.004367,0.000371,-0.001232,-0.00241,0.002754
Iranian_Zoroastrian:I002,0.092197,0.11577,-0.07467,-0.02261,-0.050471,-0.00251,0.010105,-0.003923,-0.03027,-0.020957,-0.001299,0.009142,0.004014,-0.010046,0.0076,0.014585,-0.007041,0.003547,0.004022,-0.013006,-0.001123,-0.008037,0.002588,-0.007712,0.00934
Italian_Umbria:PG06,0.114961,0.145221,-0.001508,-0.030685,0.01508,-0.008367,-0.00376,-0.006231,-0.000614,0.026606,0.004872,0.006145,-0.016353,-0.004679,-0.006786,-0.008353,-0.007302,0.002407,-0.001508,-0.01063,-0.000374,0.002844,-0.001972,0,-0.007544
Italian_Umbria:PG07,0.113823,0.149283,0.001886,-0.029393,0.019696,-0.018686,-0.00752,-0.012461,0.007976,0.0277,-0.004222,0.005995,-0.005649,-0.005367,0.000271,0.00053,-0.00013,-0.000633,-0.003017,-0.005127,-0.002745,0.003339,0.001109,0.001566,0.001557
Italian_Calabria:ALP129,0.099026,0.144205,-0.019987,-0.049742,0.01508,-0.01506,0,0.005538,0.0045,0.023873,0.005196,0.002398,-0.003419,0.004129,-0.00665,-0.001989,0.003129,-0.002154,0.004022,-0.000375,-0.012852,-0.001978,0.00037,-0.004217,-0.001676
Italian_Calabria:ALP582,0.09675,0.139128,-0.015839,-0.050388,0.014156,-0.014781,-0.00282,-0.008769,0.00409,0.028064,-0.00065,0.004796,-0.007136,-0.004266,-0.011536,-0.00305,0.005607,0.000507,0.005154,-0.005002,-0.003868,0.003339,-0.003574,0.00012,0.001437
Greek_West_Taygetos:MMA-1,0.114961,0.141159,0.012068,-0.033915,0.01231,-0.006136,0.00423,0.000923,-0.000614,0.013121,-0.003897,0.00045,0.001338,0.007982,-0.013843,0.013789,0.019818,-0.004054,-0.00088,-0.000875,-0.002995,-0.000989,0.001356,-0.001928,-0.003233
Greek_West_Taygetos:MMA-10,0.113823,0.144205,0.006411,-0.019057,0.020004,-0.009203,0.006345,0.002308,0.003886,0.015672,0.00406,0.002248,-0.005649,0.007432,-0.012079,-0.003447,0.005476,0.001774,0.006913,-0.004127,-0.004742,-0.001855,-0.001232,-0.000361,0.003113
Turkish_Deliorman:Turkish_Sumnu1,0.111547,0.105615,0.012068,-0.005491,0.005539,-0.001394,0.00846,0.002308,-0.007772,-0.000729,-0.00065,-0.004046,-0.003568,0.014588,-0.010043,-0.01432,-0.009648,0.001774,0.002765,-0.007504,-0.012852,-0.000618,-0.000739,-0.004458,-0.002036
Turkish_Deliorman:Turkish_Varna1,0.10927,0.101553,0.012445,-0.002261,0.000615,0.006136,0.00564,0.008077,-0.005522,0.002916,-0.002111,-0.002398,0.001487,0.003716,-0.005157,0.010342,0.012778,0.000887,-0.001006,-0.002376,-0.007112,-0.000618,0.000246,0.007471,-0.007424
Turkish_Denizli:TDP_Denizli01,0.102441,0.06804,-0.022627,-0.032623,-0.020311,-0.017012,0.003995,-0.002769,-0.016566,0.00328,-0.002761,0.001649,-0.004608,0.001101,-0.008143,-0.012861,-0.012517,0.002534,0.006411,-0.005253,-0.008984,0.003091,-0.000986,-0.002169,-0.00012
Turkish_Denizli:TDP_Denizli02,0.094473,0.059916,-0.020742,-0.022287,-0.021542,-0.011713,0.00658,0.000231,-0.016362,0.001276,0.003085,0.001199,0.000149,-0.001927,-0.0076,0.010872,0.015516,-0.002534,0.002388,-0.004627,-0.008859,-0.001607,-0.008011,0.004458,-0.003113
Finnish_Southwest:HG00320,0.132035,0.089367,0.085229,0.070091,0.037853,0.019801,0.00423,0.010384,0.005318,-0.023326,0.010068,-0.005095,0.010109,0.010735,-0.001764,-0.006497,-0.018254,0.004181,-0.003017,-0.003377,0.010107,0.002597,-0.001232,-0.002771,0.003712
Finnish_Southwest:HG00337,0.133173,0.100537,0.093526,0.072352,0.029544,0.023427,0.011281,0.014076,0.001227,-0.02041,0.000974,-0.002847,0.014569,0.000826,0.008279,-0.002121,-0.020992,-0.003674,-0.001006,-0.001751,-0.001747,0.004946,0.006779,0.000843,0.003473
Finnish_Southwest:HG00360,0.12862,0.096475,0.081081,0.07429,0.03139,0.018965,0.007755,0.018922,0.003477,-0.021686,0.006496,-0.005095,0.017839,0.016652,0.005293,-0.011933,-0.021253,0.003674,-0.001383,-0.00075,0.014225,0.000124,0.001602,0.013616,0.006107
French_Alsace:A_10,0.133173,0.144205,0.045254,0.023579,0.037853,0.006693,0.00235,0.002077,0.005931,0.009294,0.003085,-0.001649,-0.011001,0.001514,0.005429,-0.003713,-0.012386,-0.000633,-0.001006,-0.001751,0.007362,0.003215,-0.002465,0.008194,0.003473
French_Alsace:A_12,0.132035,0.145221,0.044123,0.017765,0.028928,0.001952,0.0047,0.003923,0.01309,0.013303,-0.000974,0.009591,-0.020218,-0.000275,0.012215,-0.003315,-0.015516,0.005321,0.00817,-0.008129,0.000499,0.008161,0.001232,0.007109,-0.001197
French_Brittany:Rennes_B_95,0.133173,0.138112,0.059962,0.036499,0.039392,0.011992,0.005875,0.009692,0.00634,0.00656,-0.008931,0.003897,-0.014569,-0.016515,0.009229,0.006629,-0.003781,-0.001394,0.001257,5e-04,0.00549,0.00915,-0.007272,0.018557,-0.001078
French_South:SouthFrench1112,0.126344,0.146236,0.054682,0.000646,0.052625,-0.001673,0.000235,0.001615,0.02352,0.036265,-0.007957,0.006594,-0.018731,-0.023121,0.0076,0.00053,-0.00678,0.003421,-0.001634,-5e-04,0.002995,-0.002226,0.002465,-0.007953,0.00012
French_South:SouthFrench1323,0.134311,0.146236,0.049403,0.013889,0.045239,0.002231,0.00423,0.001385,0.023316,0.041003,-0.011205,0.007343,-0.019177,-0.006606,0.014522,-0.001061,-0.01708,-0.001394,-0.003394,-0.003627,0.005241,0.000742,-0.009367,-0.013496,-0.003473
German_East:German_East7,0.130897,0.145221,0.067505,0.044574,0.044008,0.01255,0.012221,0.007384,0.001841,-0.002369,-0.001786,0.000749,-0.001189,0.002615,0.002172,-0.005967,-0.014081,-0.001267,0.00176,-0.005753,-0.006863,-0.007543,0.004314,-0.002289,-0.001197
German_East:German_East8,0.136588,0.142174,0.061094,0.035207,0.034776,0.014502,0.00846,0.005769,0.001636,-0.002916,-0.000812,-0.001499,-0.003568,0.002477,-0.002986,-0.005171,-0.016298,0.002154,0.012821,0.001501,0,0.005688,0.003081,-0.000361,0.001557
German_Erlangen:GSM1658598,0.129758,0.133034,0.062979,0.049096,0.038776,0.015897,0.00799,0.006231,0.011453,-0.00492,-0.00406,0.001948,-0.001189,0.007707,0.00285,-0.005701,-0.0103,0.004434,0.001634,0.007379,-0.003119,0.001607,0.001356,0.00976,-0.000958
German_Erlangen:GSM1658599,0.135449,0.150298,0.051288,0.033269,0.045547,0.00753,0.00141,-0.001846,0.007976,0.003098,-0.00682,0.005845,-0.000297,-0.005505,0.007193,0.003182,-0.000391,0.000887,0.005782,-0.000125,-0.004118,0.002597,-0.002588,0.008796,0.000718
German_Hamburg:GSM1031529,0.125205,0.128972,0.062602,0.042313,0.042162,0.026495,0.00141,0.008077,0.007772,-0.001458,-0.005196,0.00015,-0.001189,-0.000826,0.016015,0.000133,-0.029336,-0.002914,0.011061,-0.000875,0.005241,-0.000495,-0.001849,0.004458,0.001916
English:England13,0.134311,0.133034,0.062225,0.03876,0.042469,0.012271,0,0.000231,0.007772,0.004374,-0.005684,0.005845,-0.008325,-0.007432,0.026873,-0.000928,-0.022035,0.004054,0.004902,0.013131,0.009858,0.005935,-0.006409,0.012532,0.010059
English:England14,0.12862,0.138112,0.063356,0.047481,0.040315,0.010319,0.0094,0.008077,-0.00225,0.002005,0.000325,0.002997,-0.011744,0.002202,0.012758,-0.00053,-0.019166,0.000127,0.012193,0.005002,0.007362,0.005935,-0.007641,0.014339,-0.000239
English:England15,0.135449,0.139128,0.06939,0.046512,0.038161,0.015339,0.004935,0.005538,0.003068,0.010023,-0.008444,0.008243,-0.012636,-0.019267,0.015472,0.014187,-0.004172,0.008488,-0.000628,0.005002,0.000624,0.011376,-0.002835,0.020485,0.002754

Polish:Polish18,0.133173,0.117801,0.064488,0.063954,0.040623,0.025937,0.007285,0.014538,-0.001432,-0.02041,-0.003735,-0.006444,0.009663,0.003991,-0.007329,0.001724,0.01017,-0.004814,0.00088,0.003752,-0.006364,0.000866,0.002465,0.00976,-0.00946
Polish:Polish2,0.137726,0.123895,0.073539,0.071383,0.040623,0.033188,0.015746,0.016845,-0.000614,-0.02934,0.000974,-0.014387,0.019772,0.032204,-0.0019,-0.012463,-0.012386,0.002154,0.006662,-0.001126,-0.012478,-0.000495,-0.002958,-0.011809,0.004191
Polish:Polish20,0.126344,0.129988,0.058831,0.040375,0.045239,0.025658,-0.000235,0.008307,0.020248,-0.012574,0.00341,-0.004196,0.008771,0.018029,-0.004479,-0.001458,-0.001565,0.001394,0.005154,0.005127,-0.002371,-0.01014,0.004067,-0.00482,0.007424

Mongolian:mongol120,0.053497,-0.328016,0.067127,-0.026486,-0.051394,-0.032072,0.015041,0.016615,0.002454,0.009112,-0.023871,-0.002997,-0.006987,0.000413,0.0019,0.007955,0.008345,0.002914,0.007542,0.009755,-0.022959,-0.010634,-0.019843,0.001687,0.000479
Mongol_Inner_Mongolia:17671809290603,0.03187,-0.400119,0.047894,-0.043605,-0.00677,-0.006693,0.00658,0.013615,-0.006749,0.006925,-0.05505,-0.01169,0.007136,0.004266,-0.012758,-0.011535,-0.004172,0.004054,0.00264,5e-04,0.002246,0.000989,0.003451,-0.005663,0.003353
Japanese:HGDP00747,0.023903,-0.44988,0.013953,-0.059432,0.03693,0.006972,0.00752,0.005769,-0.002659,0.008747,-0.074049,-0.007194,0.011001,-0.014313,-0.011536,-0.006497,-0.001304,0.00152,0.005531,-0.007629,0.019216,-0.020526,0.003944,0.006386,-0.044667
Han_Shanxi:Han790,0.017073,-0.433631,0.008674,-0.067507,0.055703,0.024263,0.006345,0.009692,-0.007772,0.003827,-0.073887,-0.008992,0.011298,-0.009634,-0.009636,-0.002121,0.00013,-0.00228,-0.004651,-0.009379,0.010107,0.005812,0.018857,0.006507,0.005269
Han_Henan:Han1714,0.01935,-0.452926,0.006034,-0.068476,0.047701,0.026216,0.011986,0.006692,-0.020657,0.003827,-0.078758,-0.009891,0.01219,-0.001514,-0.003936,-0.001061,0.005215,-0.006968,0.001634,-0.008504,0.009358,0.005317,0.011216,-0.000723,-0.000718
Han_Jiangsu:Han1452,0.018212,-0.451911,0.001508,-0.071383,0.067089,0.018686,0.009165,-0.003692,-0.013499,0.006014,-0.07275,-0.007194,0.008176,-0.011285,-0.012079,-0.003315,0.000913,0.007728,-0.00352,-0.004502,0.016097,0.009769,0.017748,-0.003976,0.00479
Han_Jiangsu:Han2090,0.025041,-0.454957,-0.006788,-0.06783,0.066166,0.024542,0.003995,0.000692,-0.012271,0.00492,-0.055862,-0.012739,0.011447,-0.005643,-0.01045,0.002917,0.004433,-0.00266,-0.004148,-0.02101,0.011355,0.009274,0.010599,-0.000241,0.000718
Han_Hubei:Han2161,0.028456,-0.455973,0.000377,-0.065569,0.067397,0.029005,0.009635,-0.003461,-0.015135,0.001093,-0.052289,0.002248,0.009366,-0.010322,-0.015336,0.001856,-0.002477,-0.00228,-0.008422,-0.016008,0.020464,0.005935,0.011832,-0.003856,-0.004191
Han_Chongqing:Han1968,0.022765,-0.451911,-0.013576,-0.070737,0.084939,0.035977,0.002585,0.003231,-0.017385,0.002187,-0.045306,-0.002997,0.006095,-0.011698,-0.005022,0.002387,0.004433,-0.005574,0.004525,-0.004002,0.010856,0.00779,0.008874,0.001807,0.009819
Han_Fujian:Han1467,0.020488,-0.452926,-0.017725,-0.07106,0.095402,0.039045,0.003055,-0.007154,-0.015748,0.003462,-0.049366,-0.007343,0.006095,-0.00867,-0.006379,-0.003713,0.001173,0.00152,-0.007039,-0.012506,0.011105,0.011623,0.025636,-0.000361,-0.007903
Han_Fujian:Han1994,0.01935,-0.450895,-0.019987,-0.06137,0.082477,0.039881,0.00141,-0.008077,-0.009817,-0.004009,-0.054725,-0.005845,0.00446,-0.00578,-0.009229,0.000663,-0.000522,0.001774,-0.005908,-0.015758,0.023708,0.004328,0.00986,0.007471,-0.006945
Indonesian_Java:GRC10041220,0.009106,-0.406212,-0.081081,-0.03876,0.143719,0.07028,0.00094,-0.013615,-0.014521,-0.019864,0.092074,0.005695,-0.006392,0.006193,0,0.008486,0.004433,-0.003674,0.002137,0.014382,-0.013851,-0.002473,-0.011092,-0.002771,0.016406
Igorot:GS000019908,0.01935,-0.450895,-0.049026,-0.0646,0.141565,0.060519,-0.003995,-0.014076,-0.027815,-0.020228,0.043845,0.002248,-0.011298,-0.00812,0.009229,0.009944,-0.002868,0.011275,0.01345,-0.017884,0.005615,-0.0413,-0.002588,-0.010724,-0.07664
