Abkhasian,1.9445,59.643,33.8275,0.001,0.243,0.001,0.001,0.001,2.455,0.408,1.475
Adygei,1.486714286,59.02457143,31.13478571,0.217714286,0.016428571,0.218857143,0.001,0.001,3.269214286,1.574571429,3.054857143
Akha,0.3982,0.123566667,0.431333333,14.55313333,24.30803333,24.35483333,23.37896667,3.063266667,6.174733333,2.442666667,0.771066667
Albanian,1.793,74.835,18.307,0.682,0.001,0.001,0.001,0.001,0.585,0.001,3.793
Aleut,0.001,24.553,7.715,0.675666667,0.168,2.674333333,1.14,2.849666667,14.95066667,14.50766667,30.765
Altaian,0.396186047,13.67886047,9.269976744,0.165372093,0.080302326,8.056209302,7.403093023,6.875767442,26.14102326,22.26767442,5.665348837
Altaian_Chelkan,0.076833333,22.09133333,14.78083333,0.056166667,0.040833333,6.611,3.4645,3.365333333,22.866,18.5145,8.133
Ami,0.001,0.001,0.001,24.8466,43.5909,0.001,28.8465,2.7093,0.001,0.001,0.001
Armenian,2.538,61.834,32.4145,0.3495,0.001,0.001,0.001,0.001,0.2965,0.001,2.561
Atayal,0.001,0.001,0.001,23.85611111,42.65577778,0.001,31.03455556,2.446777778,0.001,0.001,2.561
Australian,10.901,0.717333333,29.21733333,41.20066667,0.001,3.788333333,0.001,5.639666667,3.074,4.030666667,1.429666667
Avar,0.284473684,12.95494737,8.934947368,0.266105263,0.028473684,8.410421053,7.694105263,6.956421053,25.529,23.05931579,5.881526316
Bahun,1.8585,16.69275,46.86925,8.5405,0.001,9.881,4.8875,2.868,5.00025,1.4955,1.906
Bai_Yunnan,0.321533333,0.3772,1.045866667,3.893866667,13.575,26.91053333,37.18946667,4.3692,9.496533333,2.624333333,0.196333333
Balochi,3.25055,32.20945,55.60135,3.65005,0.0308,0.25795,0.0355,0.0976,1.86745,0.8315,2.16795
Bantu_Kenya,91.505375,3.289125,2.13325,1.021375,0.050625,0.438125,0.2015,0.389125,0.026375,0.20425,0.74075
Bantu_SA,93.60525,2.222875,1.007875,0.77625,0.090375,0.425125,0.141,0.21325,0.127125,0.3355,1.05575
Baoan,0.3461,3.7291,5.078,1.1485,5.8198,21.6609,36.5631,6.9801,13.5243,3.9421,1.2085
Basque,0.001,99.98922727,0.001,0.001090909,0.001181818,0.001090909,0.001045455,0.001090909,0.001227273,0.001045455,0.001
Bedouin,12.56418182,61.239,22.89695455,0.367068182,0.247090909,0.208795455,0.116227273,0.064409091,0.414204545,0.034363636,1.847613636
Bengali,2.387,7.190333333,57.44833333,19.317,0.001,5.454333333,0.001,0.701333333,3.688,2.627,1.184
Bergamo,1.678,79.04533333,13.95733333,0.031416667,0.232583333,0.005333333,0.107416667,0.001,0.453666667,0.127666667,4.359916667
Biaka,92.98922727,2.097318182,1.530409091,1.241,0.116590909,0.344,0.119045455,0.111045455,0.001,0.381045455,1.069409091
Birhor,3.530875,0.001,42.01025,33.525375,6.62275,6.100625,0.001,4.546875,2.154125,1.255625,0.2515
Blang_Yunnan,0.567266667,0.135266667,0.639733333,30.48926667,34.34913333,18.08993333,8.5014,1.761133333,2.894,2.266733333,0.306066667
Bougainville,8.5856,0.3813,22.8513,49.6524,0.001,4.1168,0.3608,7.4231,2.3242,3.4931,0.8104
Brahmin,1.5017,18.7699,55.0052,10.63,0.001,4.6903,0.6311,1.0533,3.5986,1.7053,2.4137
Brahui,1.6506,19.592,76.6524,0.001,0.8794,0.419,0.5812,0.001,0.1636,0.001,0.059
Brahui,3.335647059,31.60670588,57.12870588,3.166705882,0.211823529,0.200470588,0.001,0.088588235,1.805411765,0.799352941,1.655882353
Bulgarian,1.5885,74.651,17.2665,0.25,0.001,0.001,0.001,0.001,1.526,1.182,3.5325
Burmese,1.163181818,0.661636364,13.14927273,17.46818182,16.73627273,18.43927273,19.20990909,3.563272727,6.402727273,2.442636364,0.763727273
Burusho,1.517826087,24.64456522,49.89365217,6.530478261,0.076217391,4.305565217,1.082565217,0.664652174,4.920695652,2.797478261,3.566130435
Buryat,0.361853659,6.163585366,5.069926829,0.118658537,0.00595122,8.539,8.359,9.701268293,32.42219512,26.12273171,3.135536585
Buryat,0.456266667,6.180466667,4.738333333,0.1948,0.194533333,8.803333333,7.925133333,11.01253333,31.03893333,26.6448,2.8106
Cambodian,0.00825,0.10125,1.97575,72.7705,18.16025,6.78975,0.001,0.001,0.001,0.01625,0.175
Cambodian,0.08,0.4215,1.89575,47.91025,32.2535,7.015,5.399,2.1255,2.58525,0.18875,0.1255
Chane,0.001,0.003,0.001,0.001,0.001,2.583,0.001,3.206,4.557,3.206,86.441
Chechen,1.284,58.985,30.926,0.323,0.001,0.001,0.001,0.001,1.944,1.295,5.239
Chipewyan,0.001,0.001,0.096,0.519,0.001,3.574,3.1475,7.262,14.0365,12.3845,58.9765
Chukchi,0.049826087,0.002782609,0.546173913,0.169565217,0.029826087,4.973782609,0.875652174,8.221695652,31.46565217,26.69543478,26.96947826
Cree,0.001,15.666,4.1965,0.5065,0.001,1.6875,2.606,3.276,9.489,8.384,54.186
Crete,2.664,71.286,21.8445,0.001,0.001,0.001,0.001,0.001,0.9595,0.001,3.24
Czech,0.665,78.238,13.518,0.001,0.006,0.001,0.001,0.001,0.791,1.737,5.041
Dai,0.003833333,0.001,0.129333333,2.9235,85.45216667,5.585166667,2.520166667,2.164666667,0.778,0.441,0.001
Dai,0.062,0.001,0.048333333,12.052,64.404,3.863666667,16.159,1.591666667,0.799666667,0.867666667,0.150333333
Daur,0.001,0.004166667,0.001,0.637333333,0.631833333,2.345166667,5.349,4.980833333,86.04683333,0.001833333,0.001
Dinka,87.36523529,3.556647059,4.047470588,1.761176471,0.264117647,0.785117647,0.618529412,0.285529412,0.119823529,0.218941176,0.977411765
Dolgan,0.1322,15.3874,5.1036,0.4518,0.001,2.5352,0.0762,4.0736,26.5428,40.5062,5.19
Dolgan,0.22325,3.637,2.67375,0.138875,0.001,2.849,0.898125,5.0135,31.018875,48.9295,4.617
Dong_Guizhou,0.015,0.001,0.0108,8.4038,50.1546,6.3839,30.746,2.7129,0.9139,0.4907,0.1669
Dong_Hunan,0.114555556,0.011333333,0.024111111,6.558555556,47.06088889,7.427444444,33.55033333,2.554666667,2.112,0.502555556,0.083444444
Dongxiang,0.555,6.6055,7.2675,0.732666667,8.2845,19.56416667,31.60033333,6.359166667,11.4235,5.443666667,2.164166667
Druze,5.65505,64.387,27.092925,0.18205,0.11445,0.085925,0.03095,0.001,0.467325,0.09255,1.891
Dusun,0.216272727,0.022636364,0.001,38.391,39.68672727,0.386090909,19.22645455,1.219090909,0.179454545,0.506,0.165181818
Egyptian,20.37345455,57.09790909,19.67890909,0.129181818,0.307181818,0.203636364,0.141181818,0.272909091,0.228181818,0.238636364,1.329
Enets,0.098666667,14.491,5.300333333,0.001,0.001,2.484,0.001,1.015333333,29.50033333,38.891,8.216666667
English,1.0772,78.9488,12.87053333,0.173333333,0.025,0.001,0.001,0.026333333,0.130266667,1.3172,5.4292
Esan,94.9835,1.3465,1.0815,0.2455,0.001,0.456,0.194,0.009,0.1565,0.3575,1.1695
Eskimo_Naukan,0.061583333,0.001,0.031916667,0.21125,0.001,3.993666667,1.337666667,8.281,26.09908333,22.6785,37.30341667
Eskimo_Sireniki,0.034,0.001,0.138222222,0.046222222,0.532888889,3.887111111,1.303888889,9.131111111,27.84866667,23.24455556,33.83211111
Estonian,0.215,75.441,14.4015,0.175,0.001,0.001,0.001,0.001,0.5675,3.3185,5.8775
Even,0.06375,0.062,0.3145,0.001,0.001,1.432,0.001,8.084,41.6185,43.58575,4.837
Evenk,0.182416667,1.094833333,0.680333333,0.001,0.026458333,3.562541667,0.248458333,5.592625,39.39229167,45.49041667,3.728666667
Evenk_FarEast,0.001,0.001,0.001,0.074,0.001,7.997,5.9525,17.123,38.9155,27.289,2.6455
Finnish,0.181,76.148,9.73,0.001,0.001,0.001,0.001,0.001,1.559,6.037,6.3395
Forest_Nentsi,0.009148148,13.67074074,7.690074074,0.001,0.001,1.022074074,0.001,1.936888889,28.96411111,37.42666667,9.277222222
French,1.103115385,79.23026923,12.93869231,0.079961538,0.094538462,0.011461538,0.020461538,0.017076923,0.583423077,0.803423077,5.117461538
Gambian,91.8645,4.763,1.0035,0.5885,0.6015,0.052,0.092,0.001,0.001,0.0795,0.9535
Gelao,0.012555556,0.001,0.035666667,11.40388889,53.78033333,7.962222222,22.21866667,1.387333333,2.285222222,0.589333333,0.323333333
Georgian,2.7445,60.5465,33.595,0.026,0.001,0.001,0.001,0.001,0.789,0.2135,2.081
German,0.885272727,77.9325,14.05081818,0.118772727,0.018772727,0.121363636,0.001,0.042681818,0.341954545,1.636090909,4.851045455
Greek,1.971,74.189,18.932,0.001,0.001,0.001,0.001,0.001,0.001,1.398,3.504
Gurung,1.5264,0.6152,10.205,4.3238,0.0356,32.36,30.2782,3.9512,11.0854,4.2722,1.3468
Han_Chongqing,0.012333333,0.033333333,0.264,2.999,28.56,14.689,42.34,4.718333333,6.037333333,0.269333333,0.077666667
Han_EAST,0.001,0.001,0.001,0.899,9.471,14.537,63.898,5.6085,5.502,0.08,0.001
Han_Fujian,0.1992,0.1232,0.074,2.3304,29.9992,9.391,46.7006,6.4548,4.4238,0.226,0.0772
Han_Guangdong,0.046571429,0.028428571,0.001,4.722285714,40.80714286,7.128,40.00285714,4.569428571,1.510714286,1.150714286,0.032571429
Han_Guizhou,0.153428571,0.158428571,0.165357143,2.689285714,27.23142857,13.77957143,42.07635714,5.662,6.696071429,1.182571429,0.205357143
Han_Henan,0.1244,1.363,0.1112,0.466,7.5758,18.8924,47.5972,9.286,12.1738,1.8746,0.5356
Han_Hubei,0.0788,0.1228,0.0494,1.1146,22.9222,12.6732,49.4096,4.9238,7.8484,0.3944,0.4632
Han_Jiangsu,0.052142857,0.066428571,0.215285714,0.188714286,15.85157143,14.73014286,49.28342857,9.453857143,9.038,0.973428571,0.146857143
Han_NORTHWEST,0.167,0.596375,1.37925,0.432,3.07475,27.115125,47.484,4.323875,12.985625,1.808125,0.633875
Han_Shandong,0.1724,0.0866,0.3994,0.3419,8.9858,19.0809,47.8524,9.1741,11.2877,1.894,0.7246
Han_Shanghai,0.001,0.001,1.018,0.001,16.619,14.813,51.912,8.189,6.404,1.02,0.021
Han_Shanxi,0.130125,0.75675,1.159125,0.084875,6.558,19.50675,46.462875,8.80625,12.033125,3.708375,0.7945
Han_Sichuan,0.071285714,0.114428571,0.195571429,3.267571429,24.45371429,14.16685714,43.04742857,5.814,7.07,1.254857143,0.544428571
Han_SOUTHEAST,0.001,0.001,0.001,3.734,24.1985,2.8405,63.6165,1.1425,3.5845,0.88,0.001
Han_Zhejiang,0.001,0.0414,0.001,0.7738,19.504,14.069,48.046,10.4596,5.9186,1.0436,0.142
Hani_Yunnan,0.361466667,0.1836,0.402066667,13.57553333,24.14046667,24.93526667,25.79766667,1.547733333,6.5786,2.121266667,0.355866667
Hawaiian,2.769,0.478,0.001,31.534,35.068,0.001,24.642,5.265,0.001,0.001,0.24
Hazara,0.1715,19.052,29.41025,0.5838125,0.3211875,5.0831875,3.41575,1.867625,33.7466875,5.175625,1.172125
Hezhen,0.054125,0.142375,0.262125,0.117875,0.892125,9.915125,20.77425,11.19775,46.235375,9.367375,1.041375
Htin_Mal,0.8978,0.2005,0.2981,38.0865,46.6113,8.1082,3.6184,0.4814,1.0308,0.334,0.3332
Hungarian,1.0785,77.2885,13.538,0.001,0.08,0.001,0.001,0.001,0.92,1.9475,5.1435
Icelandic,0.4865,78.8985,12.9445,0.001,0.001,0.001,0.001,0.1245,0.3195,1.854,5.368
Igbo,94.8665,2.1045,0.543,0.766,0.001,0.288,0.001,0.3855,0.069,0.001,0.9745
Igorot,0.045272727,0.016818182,0.001,28.30045455,39.35245455,0.085181818,29.97781818,2.062,0.055727273,0.100272727,0.003181818
Ilocano,0.3365,0.006,0.0265,31.781,35.4805,0.001,27.2175,5.1155,0.001,0.001,0.0325
Iranian,3.297357143,51.03432143,39.40032143,0.768178571,0.374321429,0.399214286,0.051571429,0.078928571,1.543285714,0.780357143,2.272178571
Iraqi_Jew,4.6035,61.0285,31.2385,0.027,0.001,0.001,0.3855,0.001,0.6745,0.001,2.0385
Irula,4.144666667,0.795833333,59.07116667,23.09083333,0.001,5.668,0.001,3.930166667,1.529,0.93875,0.829583333
Italian,3.046153846,75.02030769,17.39861538,0.119,0.029230769,0.105538462,0.131615385,0.001,0.097076923,0.327153846,3.724307692
Itelmen,0.048571429,0.003571429,3.621,0.092714286,0.001,5.056714286,0.334285714,11.60742857,33.54885714,27.08571429,18.6
Japanese,0.001,0.001,0.001,0.239588235,0.329705882,1.688294118,3.285294118,93.89641176,0.454176471,0.102529412,0.001
Japanese,0.0591,0.0665,0.1303,0.7302,5.3265,7.5932,21.4073,53.4063,8.6162,2.2938,0.3707
Jarawa,7.69925,0.258,30.363,37.884,0.001,9.289,0.001,8.27725,1.84875,2.055,2.32325
Java_Indonesia,0.591857143,0.326761905,1.783571429,48.00704762,38.29609524,3.713761905,4.688333333,0.791,0.251380952,0.941380952,0.608857143
Jordanian,9.95,61.60733333,24.655,0.047666667,0.001,0.001,0.625333333,0.247666667,0.643,0.340666667,1.881666667
Ju_hoan_North,89.33783333,4.5155,2.377833333,1.236166667,0.001,0.988166667,0.001,0.418833333,0.001,0.607,0.515666667
Kalash,1.332318182,31.77831818,53.08295455,5.125545455,0.001,0.539863636,0.001,0.001,3.039090909,1.1945,3.904590909
Kalmyk,0.231166667,10.40158333,6.514,0.266666667,0.2205,9.661833333,11.79283333,9.065916667,29.37791667,19.89516667,2.572333333
Kapu,3.09,5.334,61.1795,19.7365,0.001,2.791,0.001,2.679,3.206,0.5925,1.3895
Karakalpak,0.869625,27.2750625,13.4175,0.395625,0.36425,6.580375,7.1659375,5.5591875,19.639,13.8259375,4.9074375
Karen_Sgaw,0.9462,0.2289,0.631,27.772,27.7518,19.8161,12.9046,1.4696,5.5405,2.3535,0.5861
Karitiana,0.001,0.001,0.001,0.005666667,0.0805,0.956333333,2.740666667,2.977333333,4.79025,2.333333333,86.11275
Kashmiri_Pandit,1.562,23.92,56.168,7.193,0.001,2.456,0.001,0.001,5.268,1.241,2.188
Kazakh_China_Aksay,0.710428571,15.92385714,10.95928571,0.182142857,0.001,8.532857143,12.102,6.802,23.56742857,17.01028571,4.208857143
Kazakh_China_Aruvan,0.85,18.7605,10.409,0.453,0.1025,9.4235,7.9655,8.8075,21.719,16.6665,4.842
Kazakh_China_Keraite,0.736,20.7465,12.685,0.001,0.001,9.1205,6.205,9.321,20.7255,16.193,4.266
Kazakh_China_Naiman,0.284166667,21.65366667,11.59566667,0.0725,0.2225,8.041166667,9.144,7.208333333,22.15383333,15.81133333,3.812333333
Kazakh_Kazakhstan,0.544586207,22.83393103,11.85458621,0.486965517,0.09562069,7.482,8.32162069,7.024344828,21.65468966,15.67362069,4.027862069
Ket,0.0864375,17.08771875,9.95653125,0.0733125,0.001,2.59646875,0.001,2.1899375,25.1635625,31.67515625,11.169
Khakass,0.028714286,17.67185714,10.99957143,0.309357143,0.254785714,7.274571429,5.3275,4.755071429,23.20092857,22.527,7.6505
Khakass_Kachin,0.262125,14.81125,8.26675,0.001,0.001,7.529,6.8715,7.180875,23.711625,25.017625,6.346625
Khamnegan,0.2594,5.3467,3.6441,0.3193,0.0613,8.9352,8.9739,9.5682,34.437,25.0323,3.4227
Khant,0.023166667,26.98766667,11.20391667,0.075583333,0.001,0.780333333,0.049833333,1.61475,23.12158333,26.07691667,10.06508333
Kharia,3.614,0.001,44.201,33.202,6.824,4.872,0.001,4.85,1.196,0.537,0.703
Khmer,0.9278,0.5511,4.3981,41.192,45.0914,4.1674,1.5478,0.0242,0.4285,1.0581,0.6137
Khomani_San,90.012,2.653,3.493,1.025,0.001,1.451,0.001,0.001,0.001,0.732,0.6295
Khonda_Dora,2.943,0.001,37.852,38.274,12.198,3.508,0.001,3.724,0.001,1.302,0.195
Kinh_Vietnam,0.191222222,0.256166667,0.3265,14.17183333,52.4905,4.678888889,24.67672222,1.160666667,1.0485,0.575222222,0.4235
Komi,0.134818182,59.29436364,12.32918182,0.193545455,0.001,0.099545455,0.001,0.137181818,8.860727273,11.81163636,7.137363636
Kongo,94.604,1.325,1.647,1.232,0.001,0.001,0.001,0.08,0.001,0.148,0.959
Korean,0.040956522,0.014695652,0.043521739,0.312130435,5.103478261,12.1946087,37.1136087,28.925,13.32121739,2.794173913,0.136913043
Koryak,0.215315789,0.058,1.817210526,0.147631579,0.001,4.312315789,0.181052632,12.02252632,34.52410526,28.34073684,18.38026316
Kurumba,5.298,0.001,55.612,25.023,0.001,7.136,0.001,3.463,1.434,1.689,0.341
Kusunda,1.9085,1.5357,24.4111,9.4399,0.4986,24.5888,19.0122,4.3229,10.3012,2.9444,1.0369
Kuy_Suay,1.069,0.398666667,3.487444444,41.54477778,46.756,3.590777778,1.708333333,0.235777778,0.341,0.696111111,0.172222222
Kyrgyz_China,0.320153846,17.70623077,12.63269231,0.203307692,0.076,8.938076923,11.30176923,6.709846154,23.47853846,15.08638462,3.547
Kyrgyz_Kyrgyzstan,0.265307692,17.964,10.92523077,0.600076923,0.069384615,8.851153846,10.06053846,7.055769231,24.58323077,15.23984615,4.385076923
Kyrgyz_Tajikistan,0.5815,18.9885,13.94725,0.5385,0.274,9.97025,9.16025,5.65525,22.489,15.1905,3.20525
Lahu_Yunnan,0.340789474,0.111105263,0.182473684,17.69726316,38.58878947,19.45057895,17.63921053,1.374157895,2.905052632,1.518157895,0.192421053
Lao,0.648111111,0.453777778,0.658444444,24.69033333,55.64411111,3.497333333,13.08877778,0.155555556,0.531333333,0.597222222,0.034666667
Lawa,0.862666667,0.116444444,0.986,25.88211111,30.65633333,20.46811111,12.377,0.202777778,5.636,2.544444444,0.268222222
Lemande,94.2025,1.6275,1.4545,0.975,0.037,0.2115,0.0205,0.002,0.219,0.001,1.2505
Lezgin,1.309,57.359,34.907,0.001,0.0905,0.001,0.001,0.001,0.474,1.3195,4.5365
Li,0.115,0.134,0.001,10.6575,62.02175,0.11625,25.514,1.38725,0.001,0.05075,0.001
Luhya,91.707,3.043,1.97,0.056,0.1795,0.534,0.001,0.102,0.419,0.785,1.203
Luo,90.962,2.8715,3.2825,0.537,0.0805,0.7665,0.001,0.1855,0.001,0.541,0.771
Madiga,2.9885,2.219,64.0825,20.7435,0.001,3.902,0.001,1.8145,2.2025,1.199,0.8455
Magar,0.947333333,0.889,14.385,4.425166667,0.021166667,31.69366667,25.929,5.239,10.95133333,3.912166667,1.6075
Makrani,5.8514,33.87155,53.4684,2.77815,0.0124,0.1978,0.001,0.001,1.63815,0.36625,1.81375
Mala,3.205333333,1.131,64.52733333,20.938,0.001,3.586333333,0.001,2.485,2.149333333,1.466,0.51
Malay,0.001,0.050285714,0.570642857,85.81157143,2.360142857,0.9775,7.196714286,0.645428571,1.354857143,0.711357143,0.320571429
Malay,0.284882353,0.699529412,5.957235294,65.97694118,8.118470588,1.540411765,14.90829412,0.832352941,0.455823529,0.962352941,0.264
Malay,0.867068966,0.592137931,3.928172414,43.73148276,34.309,3.181224138,10.3685,1.333155172,0.463086207,0.82487931,0.401137931
Mandenka,92.32490909,3.412090909,1.284363636,0.626909091,0.210363636,0.316681818,0.149681818,0.205909091,0.025636364,0.191954545,1.251409091
Maniq,4.361666667,0.433666667,19.01866667,45.99422222,12.54555556,7.051111111,0.330444444,6.771666667,0.457666667,1.830666667,1.204888889
Mansi,0.001,30.458,11.894,0.001,0.001,1.5955,0.7265,0.857,19.2375,24.595,10.634
Maonan,0.0443125,0.0071875,0.001,9.413625,60.802625,2.79225,25.47025,0.9439375,0.1880625,0.2709375,0.0656875
Mari,0.16075,49.616,13.6095,0.2165,0.001,0.07175,0.001,0.86975,13.90275,14.065,7.48575
Masai,71.053,16.195,7.616,1.5425,0.295,1.0035,0.459,0.001,0.001,0.628,1.2055
Mayan,0.545944444,0.336,0.199444444,0.317388889,0.039888889,1.775055556,2.139888889,3.508111111,5.756444444,4.081555556,81.3
Mbuti,91.55030769,1.989384615,2.438076923,1.157230769,0.199615385,0.385153846,0.035230769,0.772692308,0.255923077,0.261692308,0.954538462
Mende,94.254,2.6985,0.773,0.5135,0.1595,0.224,0.001,0.1325,0.001,0.3175,0.925
Miao_Congjiang,0.131111111,0.053555556,0.001,8.288111111,48.17455556,10.08922222,30.12644444,1.163666667,0.692555556,1.248222222,0.031666667
Miao_Hunan,0.001,0.0036,0.0483,2.377,36.2974,20.3184,34.4923,0.9251,4.6292,0.7863,0.1215
Miao_Leishan,0.179428571,0.051244898,0.019285714,6.910836735,47.16669388,9.337081633,32.0644898,1.524959184,1.700571429,0.953408163,0.091938776
Miao_Songtao,0.15,0.073571429,0.046190476,3.967904762,33.93938095,15.74533333,37.32785714,2.423857143,5.069761905,1.066238095,0.189666667
Miao_Xijiang,0.274777778,0.004888889,0.001,6.588888889,47.14855556,8.893222222,33.57955556,0.938222222,1.218666667,1.218444444,0.133777778
Micronesian,3.015571429,0.366285714,6.890142857,40.92785714,17.86414286,0.705571429,18.68742857,8.926285714,1.273,0.977142857,0.366285714
Mixe,0.004583333,0.0055,0.001,0.001,0.051666667,1.0375,3.201583333,3.0375,7.068333333,3.32,82.27133333
Mixtec,0.368,0.001,0.056,0.001,0.001,2.94,3.974,2.337,5.949,4.285,80.088
Mlabri,1.0977,0.0537,0.099,44.0306,43.5279,9.318,0.001,0.0329,0.987,0.8496,0.0024
Mon,0.8798,0.942,9.689,18.6415,35.5632,11.7978,13.8111,2.7667,3.9093,1.6773,0.3222
Mongol,0.423204545,7.150295455,5.373272727,0.212136364,0.105659091,11.08227273,14.82509091,10.2555,28.05413636,19.38263636,3.135613636
Mongola_Bargut,0.001,2.339,4.968,0.399,0.001,8.13,0.001,0.6475,60.241,21.683,1.59
Mongola_Barin,0.519,4.705,0.67,0.001,0.001,17.438,25.55,17.037,20.896,10.942,2.242
Mongola_Chahar,0.4015,7.485,3.7195,0.001,0.001,11.77,20.17375,10.716,26.30375,17.1595,2.269
Mongola_Horchin,0.348666667,2.133666667,1.464333333,1.764,5.01,15.29933333,35.27433333,10.67766667,17.877,7.665666667,2.486333333
Mongola_Hulun_Buir,0.263428571,2.163,1.272714286,0.727571429,1.007571429,14.45914286,34.83871429,6.070142857,33.86957143,4.267428571,1.061
Mongola_Naiman,0.962,3.428,2.0915,0.001,2.66,14.955,30.384,10.2165,23.5275,10.2275,1.547
Mongola_Oirat,0.39575,11.26325,8.4985,0.3485,0.08225,10.09916667,11.59683333,9.196166667,25.42675,19.783,3.309833333
Mongola_Tumen,0.168,2.459,4.152,0.001,1.893,18.256,32.754,10.517,16.904,9.55,3.347
Mordva,0.2374,68.559,14.9322,0.1744,0.6036,0.0566,0.001,0.076,3.2852,5.1316,6.9426
Mozabite,25.34625,60.99808333,9.003125,0.443041667,0.276458333,0.155375,0.439416667,0.378291667,0.201375,0.170375,2.588166667
Mulam,0.131176471,0.062294118,0.026588235,7.957176471,56.30929412,3.426529412,29.44370588,1.325882353,0.640529412,0.643647059,0.033294118
Murut,0.0626,0.0046,0.0397,37.4496,40.4068,0.0187,19.2529,2.4803,0.0079,0.093,0.1843
Nahua,0.001,0.001,0.001,0.001,0.001,2,2.949,3.279,6.778,4.005,80.982
Nanai,0.001,0.001,0.001,0.001,0.001,9.299111111,7.345777778,18.79022222,40.43066667,22.86555556,1.263444444
Naxi,0.001,0.001,0.001,0.001,0.001,99.99,0.001,0.001,0.001,0.001,0.001
Naxi,0.230333333,0.1055,0.4225,1.845,6.988333333,63.53433333,15.3025,2.318833333,7.4375,1.449833333,0.3655
Negidal,0.059333333,0.001,0.001,0.001,0.001,6.225333333,4.789,22.16433333,41.64433333,23.32866667,1.784666667
Newar,1.567714286,5.519142857,33.43542857,8.781142857,0.021857143,19.59557143,14.47171429,3.077571429,9.179714286,2.491142857,1.858857143
Nganasan,0.243529412,0.902823529,1.258901961,0.054352941,0.001,0.961215686,0.009470588,2.800529412,39.09911765,48.21998039,6.449039216
Nivh,0.0743,0.0035,0.001,0.3052,0.001,5.4141,1.3196,35.9042,35.8594,17.4857,3.6318
North_Ossetian,1.7555,56.9455,31.1665,0.001,0.001,0.001,0.1975,0.364,5.0245,1.6375,2.906
Norwegian,0.454,79.216,11.104,0.076,0.001,0.001,0.001,0.001,1.097,2.626,5.423
Nyah_Kur,1.443888889,1.329333333,5.150333333,38.96533333,42.25588889,7.215666667,0.181666667,0.313888889,0.711666667,1.871888889,0.560555556
Onge,7.616375,0.124625,30.40625,38.33725,0.01775,9.020375,0.001,8.940375,0.9935,2.931375,1.61125
Orcadian,0.6112,78.99653333,12.7826,0.096133333,0.031466667,0.001,0.001,0.001,0.348866667,1.196866667,5.933533333
Oroqen,0.001,0.001,0.001,0.001,0.0432,0.001,0.001,0.001,91.0618,8.887,0.001
Oroqen,0.0115,0.03325,0.04375,0.68175,0.06625,8.0865,12.0525,5.33775,59.99275,12.69225,1.0015
Palestinian,10.5947907,62.63906977,24.25506977,0.371790698,0.188627907,0.116813953,0.153395349,0.046534884,0.316465116,0.034465116,1.282953488
Papuan,10.27625,1.339964286,27.10010714,45.58557143,0.001,5.087928571,0.018928571,5.448892857,0.696857143,3.119178571,1.325107143
Pathan,0.818666667,24.18825,55.62816667,4.083833333,0.251916667,0.44275,0.001,0.030666667,1.990333333,1.256666667,2.135083333
Pathan,0.905666667,22.81866667,73.52766667,4.884166667,0.265583333,0.72825,0.050416667,0.032166667,2.37225,1.682916667,1.9045
Piapoco,0.001,0.001,0.0025,0.001,0.001,0.627666667,1.195166667,4.051,5.302666667,2.398666667,86.41883333
Pima,0.037692308,0.002923077,0.033153846,0.170384615,0.066384615,1.307307692,2.104,4.89,7.417769231,4.622,79.34792308
Polish,0.878,76.706,13.944,0.907,0.001,0.001,0.001,0.001,0.678,1.456,5.428
Pumi_Yunnan,0.8075,0.3035,1.214285714,1.266,2.533357143,39.34014286,32.06578571,5.611642857,11.98657143,3.926714286,0.944714286
Punjabi,1.4265,24.9635,56.507,9.506,0.001,1.745,0.001,0.001,1.805,0.8025,3.242
Punjabi,2.522333333,9.851666667,60.91266667,17.83333333,0.001,1.867333333,0.001,1.383,2.212,1.535,1.881
Qiang_Danba,0.658625,0.11275,0.841375,0.919625,4.448,36.420125,36.009375,2.939125,12.512375,4.640625,0.498
Qiang_Daofu,0.5785,0.749625,2.24825,0.15975,0.053,38.944625,31.811875,4.853875,14.9195,5.0595,0.62075
Quechua,0.004666667,0.008666667,0.053666667,0.001,0.001,1.659666667,2.326666667,1.813,5.18,3.080333333,85.87133333
Rai,0.7388,0.632,6.7152,3.3064,0.001,33.8076,33.3648,4.0532,12.8706,3.8464,0.6644
Rajput,1.715875,12.130875,45.414375,9.99975,0.05325,11.6345,7.264625,2.362625,6.293,1.1345,1.99675
Relli,3.2775,4.817,59.098,22.258,0.001,4.725,0.001,1.867,1.9555,0.7645,1.2365
Riang,0.8813,0.4942,12.4101,16.6363,10.7937,24.1494,18.2469,4.0273,7.982,3.5147,0.8639
Russian,0.30004,69.11528,14.26036,0.0422,0.001,0.01452,0.001,0.001,3.65448,6.26024,6.34976
Saami,0.001,58.7025,8.8215,0.001,0.001,0.001,0.001,0.001,9.6265,13.914,8.93
Saharawi,25.7185,59.8875,10.1775,0.7135,0.2185,0.526,0.001,0.001,0.0945,0.001,2.6605
Salar,0.426,8.32825,7.136625,1.817375,4.66675,19.287,33.41525,5.87125,13.009375,4.68575,1.356
Samaritan,5.992,65.436,26.517,0.001,0.141,0.073,0.001,0.001,0.001,0.001,1.836
Sardinian,0.001,99.98953571,0.001,0.001,0.001214286,0.001,0.001107143,0.001,0.001107143,0.001,0.001
Selkup,0.066448718,17.44324359,9.493307692,0.046307692,0.003397436,1.723064103,0.032948718,2.002153846,26.67641026,31.76728205,10.74532051
She,0.0497,0.001,0.0129,2.7097,33.5986,8.9261,45.6734,5.1345,3.031,0.7075,0.1553
Sherpa,1.006166667,0.0015,6.2875,0.6735,0.001,39.1695,27.74866667,5.214833333,14.12716667,4.778166667,0.991666667
Shor_Khakassia,0.073,21.2705,14.29566667,0.001,0.001,6.3545,4.122833333,3.555166667,22.06233333,19.9225,8.341666667
Shor_Mountain,0.063428571,21.45928571,13.25628571,0.536714286,0.051,4.929285714,3.607142857,5.383857143,21.01742857,20.49914286,9.196428571
Sindhi,0.096666667,7.867555556,87.30588889,1.639,1.413111111,0.289888889,0.052222222,0.062,0.057555556,0.527222222,0.689111111
Sindhi,2.01625,24.070375,59.0085,7.036,0.001,0.66675,0.001,0.379,2.797875,1.3695,2.65375
Somali,54.745,30.387,9.814,1.13,0.001,0.001,1.142,0.296,1.204,0.501,0.779
Spanish,2.8585,79.9905,11.1685,0.001,0.001,0.001,0.001,0.288,0.0495,0.83,4.811
Sri_Lankan,3.18895,6.82395,63.0134,18.04025,0.0226,3.0694,0.03475,1.4581,1.86915,1.23865,1.2406
Surui,0.0035,0.001,0.001,0.001,0.001,0.436,1.782875,4.309375,4.4775,2.292375,86.694375
Tagalog,1.11975,1.008,1.53975,27.021,34.0695,0.001,28.22225,4.58625,0.97,0.387,1.07525
Tai_Lue,0.28325,0.124125,0.00425,12.019375,62.365,3.208875,19.929,0.892625,0.386625,0.4575,0.32975
Tajik,1.0720625,40.59914583,35.86829167,1.515895833,0.4225625,2.2190625,1.641958333,1.167708333,6.5333125,4.2875,4.672416667
Tamang,1.228857143,1.575,15.48328571,4.642857143,0.001,32.15642857,25.31428571,3.418,10.92571429,4.233142857,1.021714286
Teleut,0.266333333,19.36891667,10.359,0.198583333,0.044083333,6.995666667,6.830416667,5.921166667,22.10541667,21.289,6.621333333
Thai,0.7856,1.3983,9.7124,25.3171,38.505,6.1873,12.9941,1.4727,1.7697,1.1371,0.7208
Tharu,1.5006,4.4722,32.4574,8.6414,0.001,20.4768,16.1888,4.7688,7.9448,1.8096,1.7394
Tibetan_Chamdo,0.762,0.119583333,3.007,0.076333333,0.001,41.05341667,29.073,4.195416667,14.52408333,5.965666667,1.222583333
Tibetan_Gangcha,0.6489,1.9749,5.22415,0.16765,0.39905,33.18275,27.75615,5.63985,15.7141,7.8282,1.4642
Tibetan_Gannan,0.6872,4.4584,4.4536,0.515,6.5122,21.798,37.3754,5.1054,14.108,3.394,1.5926
Tibetan_Lhasa,0.541222222,0.743555556,5.057111111,0.237777778,0.001,38.93244444,29.26344444,4.741,13.66044444,5.960888889,0.860888889
Tibetan_Nagqu,0.96575,0.319625,4.381,0.2035,0.001,38.96525,27.809375,5.767625,14.885,5.9245,0.777375
Tibetan_Nepal,0.9385,0.902,7.5845,1.567,0.001,36.886,27.446,3.978,13.708,5.6685,1.3205
Tibetan_Shannan,0.891,0.892555556,5.598111111,0.586222222,0.001,38.788,27.529,5.302333333,13.90311111,5.349777778,1.158555556
Tibetan_Shigatse,1.1012,0.1083,5.6788,0.6634,0.001,37.967,28.9436,5.2015,13.8919,5.6105,0.833
Tibetan_Xunhua,1.34825,2.74775,5.1645,0.37875,2.185,28.49575,33.65425,6.49,13.31775,5.00675,1.21075
Tibetan_Yajiang,0.6389,1.0912,2.5725,0.2489,3.1066,36.7505,31.9663,4.4388,13.3025,5.0581,0.8255
Tibetan_Yunnan,0.567,0.01575,2.0745,1.944,3.19225,40.2785,29.88625,3.58825,12.8505,4.7545,0.84825
Tlingit,0.001,27.296,8.590666667,0.34,1.171,2.194666667,0.448666667,2.839333333,14.261,13.22666667,29.63066667
Todzin,0.071,4.597333333,6.115666667,0.466666667,0.001,6.784666667,2.599333333,5.980666667,30.28166667,37.07233333,6.03
Tofalar,0.2,4.083833333,4.341666667,0.045916667,0.001,6.820666667,1.04725,6.708333333,31.275,39.03025,6.445916667
Tu,0.401,2.5867,4.0093,0.0806,0.5136,39.7638,32.7845,1.0774,12.8976,4.5456,1.3396
Tubalar,0.231607143,22.177,13.93921429,0.139285714,0.038142857,6.60775,5.428892857,3.551178571,21.13657143,18.96692857,7.783428571
Tujia,0.052888889,0.001,0.021555556,0.884444444,25.797,19.27633333,46.21477778,2.353,3.960444444,1.134888889,0.304
Tundra_Nentsi,0.001,14.55390909,8.060454545,0.001,0.001,0.995272727,0.001,2.21,28.68636364,36.79045455,8.699636364
Turkish,3.232,57.83107692,29.173,0.417923077,0.468923077,0.931153846,0.108076923,0.390769231,3.410230769,1.196461538,2.840384615
Turkmen,1.355678571,37.23128571,26.26535714,0.730892857,0.212321429,4.380821429,3.260535714,1.941392857,11.46075,8.820214286,4.340642857
Tuscan,2.150125,76.72325,16.276125,0.042125,0.05125,0.206375,0.238125,0.001,0.369125,0.1375,3.80525
Tuvinian,0.3238,7.87605,6.5885,0.2976,0.001,8.5082,6.6489,7.55945,29.99145,27.42705,4.77785
Ulchi,0.076416667,0.009083333,0.011791667,0.165166667,0.09,5.855625,4.101416667,25.37916667,39.42220833,21.79258333,3.096458333
Uygur,0.66916,24.15096,22.65396,0.90384,0.75188,8.59252,10.64724,3.07328,17.26052,7.56952,3.7272
Uzbek,1.19525,32.53567857,24.55253571,1.155321429,0.23525,4.806214286,5.740071429,3.468678571,13.06264286,9.534964286,3.713428571
Vellalar,2.858777778,7.347555556,64.968,16.93111111,0.001,3.441555556,0.052555556,1.186444444,1.450555556,0.75,1.012111111
Visayan,0.9,0.886,0.705,36.11775,31.17875,0.001,23.6445,4.7345,0.001,0.50225,1.32875
Wa_Yunnan,0.666666667,0.029333333,0.9966,27.8164,30.3568,19.8118,12.03973333,1.2284,4.851333333,2.007133333,0.195933333
Xibo,0.132142857,1.251428571,1.254,0.44,0.434857143,13.211,28.00957143,11.231,36.74414286,7.129857143,0.161714286
Yadava,3.0845,6.5465,62.726,18.7885,0.001,1.4935,0.001,1.934,3.1755,1.301,0.9485
Yakut,0.001,1.2955625,0.0166875,0.001,0.0111875,0.03275,0.1234375,0.2166875,0.023,98.1613125,0.1174375
Yakut,0.213,3.387,1.956647059,0.083,0.001,4.347941176,1.925352941,5.236,19.53611765,60.66611765,2.647941176
Yao_Baiku,0.20485,0.02395,0.105,7.6285,47.419,11.3956,30.20275,0.8662,0.8211,1.3152,0.01805
Yao_Changshan,0.287368421,0.058894737,0.053421053,7.262789474,51.51373684,8.787736842,29.19236842,0.728789474,0.967368421,1.137789474,0.009789474
Yao_Qing,0.218842105,0.029,0.008684211,8.047210526,48.61478947,9.739,29.72210526,1.480578947,0.802789474,1.288631579,0.048421053
Yemenite_Jew,9.986,64.883,22.6255,0.8695,0.001,0.1635,0.378,0.001,0.001,0.001,1.091
Yi_Guizhou,0.633066667,0.052,1.351066667,0.200733333,1.409866667,45.28046667,30.274,3.703,11.6034,4.700933333,0.791533333
Yi_Sichuan,0.001,0.001,0.001,0.089333333,3.316666667,94.17477778,1.243888889,0.029777778,1.140555556,0.001,0.001
Yoruba,95.00286364,1.830136364,0.825590909,0.301090909,0.167363636,0.415863636,0.2385,0.121772727,0.092818182,0.218772727,0.785363636
Yugur,0.4913125,2.950375,2.071875,0.94575,6.768875,20.7498125,40.34025,7.052,13.256,4.48375,0.88975
Yukagir,0.215956522,1.012478261,1.537521739,0.016478261,0.001,2.743869565,0.195608696,7.829043478,37.09195652,40.70386957,8.652347826
Zapotec,0.001,0.001,0.001,0.174,0.001,1.663,2.096,4.538,6.277,3.9035,81.344
Zhuang,0.056,0.036619048,0.166333333,9.142619048,57.33333333,3.186904762,26.79942857,1.877952381,1.095761905,0.233904762,0.070857143
